+-----------------------------------------------------------------------------------------------------------------------------------------+
|                                                 Artificial Test Errors for lambda = 400                                                 |
+-------+-------------------------+-------------------------+-------------------------+-------------------------+-------------------------+
|   h   |        LSRK(12,4)       |        LSRK(13,4)       |        LSRK(14,4)       |           ERK4          |      Forward Euler      |
+-------+-------------------------+-------------------------+-------------------------+-------------------------+-------------------------+
|  0.1  | 2.3000255904644235e+285 |  1.715650725382779e+247 | 2.6061042647560053e+271 |  9.390021236352648e+294 |  2.431439170005829e+298 |
|  0.05 |  7.966987493041975e+241 | 1.0256841825782972e+236 | 1.1269563644147728e+294 |  7.812862375901839e+294 |  4.904519094760155e+302 |
|  0.04 |  2.361151738210404e+250 |  5.925681696025282e+253 |  2.1159139619864042e-06 | 3.9409751353298515e+245 |  5.212895958368881e+289 |
|  0.03 |  3.534045086832192e+246 |  8.540263373951352e+286 |  7.027608983634082e-08  | 1.2889084277284926e+275 | 2.0673262370434614e+274 |
|  0.02 |  1.027267713600833e+213 |  9.058981115805942e-07  |  3.2580963199579926e-07 |  4.948013651801913e+301 |  1.515094849115953e+291 |
|  0.01 |  1.6477747410315047e-05 |   6.15336533393851e-08  |  4.3344089373231753e-08 |  6.422242017091046e+274 | 2.3404430282012292e+281 |
| 0.005 |  8.542675566935998e-09  |  2.7032329708021052e-09 |  3.1568742064891353e-09 |  1.1563612684062363e-06 |  6.255195284473227e-06  |
| 0.001 |  5.822564652646633e-13  |  2.0213275497837913e-12 |  4.661993013854726e-12  |  7.456105732828178e-10  |  4.6084759980358214e-07 |
+-------+-------------------------+-------------------------+-------------------------+-------------------------+-------------------------+