   6.6451902900055426e-06
   2.9331516191999363e-06
   1.2492698318045115e-06
   5.7518541224377273e-07
   4.6199804079605222e-07
   7.3391383226262263e-07
   1.1992675594263424e-07
   6.0586656719374687e-08
   2.1765365731951647e-08
   1.3504454499102536e-09
   8.3200354938917087e-10
   4.4024531242747855e-10
   2.8524949069463901e-10
   1.4332324216326242e-10
   8.3056506117173967e-11
   3.3880342975578515e-11
   1.0046297127530579e-11
   2.0994872507174023e-12
   1.1862733018119798e-13
   8.3988371812893092e-14
   5.7814864007355027e-14
   3.8913317013111737e-14
   3.0142555118573000e-14
   2.2870594307278225e-14
   2.0372592501871623e-14
   1.7819079545233762e-14
   1.6431300764452317e-14
   2.9948266089263598e-14
