   8.3947231717756976e-05
   1.7118119272963028e-05
   2.9567607700009546e-06
   3.1179373027878654e-07
   2.2230386981236805e-07
   3.8417743325469544e-07
   9.1429100679274455e-08
   4.5929970271529896e-08
   1.6149230452899843e-08
   1.0318413901089230e-09
   6.3909721959021226e-10
   3.4404487592176736e-10
   2.1891854995459425e-10
   1.1024531287873174e-10
   6.2069460682323552e-11
   2.5147856019813730e-11
   7.4558970108995481e-12
   1.5339673975489632e-12
   1.1096679131128440e-13
   8.0851991768327025e-14
   5.3956838996782608e-14
   4.3354209111612363e-14
   3.0059288391726113e-14
   2.4980018054066022e-14
   2.2565282975506307e-14
   2.2482016248659420e-14
   2.3508972546437690e-14
   1.5570877920367820e-14
