   2.1776475755130864e-06
   1.4132129884936173e-06
   8.1626239054055638e-07
   4.3740571747941104e-07
   2.5872142608851512e-07
   2.3113576813615921e-07
   7.4580609438212875e-08
   3.2992495596628757e-08
   1.0500492225729019e-08
   7.5275910504934984e-10
   4.7880979736625306e-10
   2.6947427622658893e-10
   1.7153631293176375e-10
   8.9058510566175642e-11
   4.9619031106118427e-11
   2.0517754162341362e-11
   6.2611860141004172e-12
   1.3058720771397248e-12
   7.8742568021539228e-14
   6.0645932720149176e-14
   4.6490589156178430e-14
   3.5693670241698783e-14
   3.1502578323738817e-14
   2.1288526497187377e-14
   2.1982415887578100e-14
   2.6395552410463097e-14
   1.4543921622589551e-14
   2.1732615707037439e-14
