 t        y1(t)        y2(t)
0.0     0.000000     2.000000
0.1     0.717830     1.922797
0.2     1.241460     1.935898
0.3     1.720045     2.130623
0.4     2.152592     2.487253
0.5     2.526202     2.970976
0.6     2.832864     3.546564
0.7     3.069230     4.180463
0.8     3.234823     4.840875
0.9     3.330728     5.497556
1.0     3.358766     6.121580
1.1     3.320979     6.685093
1.2     3.219288     7.161021
1.3     3.055252     7.522749
1.4     2.829926     7.743799
1.5     2.543947     7.797687
1.6     2.198457     7.658704
1.7     1.799206     7.306479
1.8     1.371607     6.744037
1.9     0.994914     6.043961
2.0     0.781506     5.354503
2.1     0.737296     4.759887
2.2     0.793962     4.259582
2.3     0.911022     3.852129
2.4     1.074581     3.548392
2.5     1.277450     3.361045
2.6     1.509434     3.296429
2.7     1.755761     3.351238
2.8     1.999946     3.513582
2.9     2.227131     3.765954
3.0     2.425785     4.087910
3.1     2.587880     4.457779
3.2     2.708343     4.853627
3.3     2.784347     5.253778
3.4     2.814702     5.637134
3.5     2.799391     5.983384
3.6     2.739284     6.273197
3.7     2.636011     6.488472
3.8     2.492038     6.612749
3.9     2.311055     6.631994
4.0     2.098884     6.536126
4.1     1.865277     6.321910
4.2     1.626782     5.997844
4.3     1.409215     5.589995
4.4     1.244226     5.142670
4.5     1.155593     4.706125
4.6     1.147428     4.319544
4.7     1.209035     4.007112
4.8     1.325833     3.783661
4.9     1.483531     3.657847
5.0     1.667686     3.631848
5.1     1.863519     3.701039
5.2     2.056977     3.854991
5.3     2.235990     4.079197
5.4     2.391123     4.356700
5.5     2.515592     4.669298
5.6     2.604922     4.998353
5.7     2.656499     5.325317
5.8     2.669174     5.632116
5.9     2.642953     5.901458
6.0     2.578832     6.117148
6.1     2.478766     6.264497
6.2     2.345847     6.330929
6.3     2.184751     6.306971
6.4     2.002578     6.187870
6.5     1.810107     5.976045
6.6     1.623050     5.684126
6.7     1.461721     5.336884
6.8     1.346794     4.968740
6.9     1.291905     4.615770
7.0     1.299387     4.307608
7.1     1.362756     4.064985
7.2     1.471386     3.901024
7.3     1.613054     3.822315
7.4     1.774804     3.829190
7.5     1.943716     3.916237
7.6     2.107910     4.073423
7.7     2.257356     4.287474
7.8     2.384239     4.543107
7.9     2.482915     4.823987
8.0     2.549656     5.113403
8.1     2.582330     5.394772
8.2     2.580118     5.652023
8.3     2.543311     5.869962
8.4     2.473226     6.034654
8.5     2.372252     6.133938
8.6     2.244091     6.158149
8.7     2.094219     6.101208
8.8     1.930608     5.962199
8.9     1.764520     5.747361
9.0     1.610744     5.471851
9.1     1.486066     5.159700
9.2     1.405270     4.840357
9.3     1.376593     4.542715
9.4     1.400184     4.290343
9.5     1.470086     4.100012
9.6     1.576972     3.982031
9.7     1.709861     3.940692
9.8     1.857129     3.974675
9.9     2.007439     4.077778
10.0     2.150596     4.240011
10.1     2.278124     4.448744
10.2     2.383474     4.689719
10.3     2.461957     4.947839
10.4     2.510537     5.207762
10.5     2.527587     5.454371
10.6     2.512683     5.673163
10.7     2.466478     5.850643
10.8     2.390680     5.974772
10.9     2.288155     6.035545
11.0     2.163205     6.025804
11.1     2.022007     5.942359
11.2     1.873170     5.787429
11.3     1.728079     5.570129
11.4     1.600407     5.307201
11.5     1.504017     5.021776
11.6     1.449568     4.739717
11.7     1.441755     4.485078
11.8     1.479036     4.277054
11.9     1.555310     4.129032
12.0     1.661795     4.048661
12.1     1.788338     4.038140
12.2     1.924411     4.094707
12.3     2.059977     4.211450
12.4     2.186197     4.378301
12.5     2.295835     4.583039
12.6     2.383374     4.812134
12.7     2.444936     5.051429
12.8     2.478105     5.286672
12.9     2.481742     5.503957
13.0     2.455833     5.690125
13.1     2.401424     5.833184
13.2     2.320644     5.922801
13.3     2.216856     5.950950
13.4     2.094942     5.912761
13.5     1.961688     5.807627
13.6     1.826125     5.640428
13.7     1.699466     5.422484
13.8     1.594073     5.171423
13.9     1.521205     4.909242
14.0     1.488335     4.658829
14.1     1.497609     4.440510
14.2     1.546203     4.270020
14.3     1.627754     4.157865
14.4     1.733785     4.109340
14.5     1.854805     4.124820
14.6     1.981220     4.200324
14.7     2.104101     4.328322
14.8     2.215738     4.498657
14.9     2.309923     4.699410
15.0     2.382010     4.917635
15.1     2.428823     5.139958
15.2     2.448506     5.353064
15.3     2.440383     5.544123
15.4     2.404851     5.701197
15.5     2.343362     5.813693
15.6     2.258486     5.872891
15.7     2.154086     5.872640
15.8     2.035589     5.810222
15.9     1.910282     5.687373
16.0     1.787412     5.511243
16.1     1.677742     5.294789
16.2     1.592174     5.055974
16.3     1.539604     4.815455
16.4     1.524944     4.593487
16.5     1.548421     4.407310
16.6     1.606232     4.269765
16.7     1.691781     4.188866
16.8     1.796839     4.167851
16.9     1.912504     4.205531
17.0     2.030018     4.296897
17.1     2.141417     4.433914
17.2     2.239959     4.606352
17.3     2.320318     4.802558
17.4     2.378599     5.010097
17.5     2.412244     5.216294
17.6     2.419911     5.408689
17.7     2.401363     5.575450
17.8     2.357409     5.705803
17.9     2.289911     5.790495
18.0     2.201888     5.822376
18.1     2.097694     5.797106
18.2     1.983255     5.714004
18.3     1.866227     5.576940
18.4     1.755861     5.394954
18.5     1.662226     5.182146
18.6     1.594672     4.956353
18.7     1.559948     4.736749
18.8     1.560878     4.541184
18.9     1.596207     4.384232
19.0     1.661392     4.276228
19.1     1.749676     4.223003
19.2     1.853084     4.226006
19.3     1.963276     4.282713
19.4     2.072259     4.387261
19.5     2.172931     4.531211
19.6     2.259400     4.704302
19.7     2.327108     4.895136
19.8     2.372820     5.091759
19.9     2.394536     5.282152
20.0     2.391388     5.454665
20.1     2.363564     5.598434
20.2     2.312275     5.703814
20.3     2.239804     5.762877
20.4     2.149615     5.770013
20.5     2.046534     5.722648
20.6     1.936911     5.622033
20.7     1.828631     5.473943
20.8     1.730729     5.288948
20.9     1.652380     5.081833
21.0     1.601343     4.869948
21.1     1.582443     4.670884
21.2     1.596785     4.500266
21.3     1.641964     4.370299
21.4     1.712884     4.289105
21.5     1.802713     4.260592
21.6     1.903761     4.284653
21.7     2.008236     4.357630
21.8     2.108864     4.472963
21.9     2.199320     4.621900
22.0     2.274468     4.794195
22.1     2.330432     4.978717
22.2     2.364569     5.163983
22.3     2.375387     5.338614
22.4     2.362463     5.491757
22.5     2.326393     5.613498
22.6     2.268794     5.695318
22.7     2.192365     5.730609
22.8     2.101009     5.715290
22.9     1.999985     5.648506
23.0     1.895976     5.533316
23.1     1.796938     5.377164
23.2     1.711486     5.191785
23.3     1.647739     4.992245
23.4     1.611886     4.795122
23.5     1.607043     4.616371
23.6     1.632906     4.469538
23.7     1.686174     4.364693
23.8     1.761357     4.307981
23.9     1.851632     4.301608
24.0     1.949629     4.344120
24.1     2.048104     4.430905
24.2     2.140455     4.554836
24.3     2.221068     4.706939
24.4     2.285488     4.877028
24.5     2.330453     5.054262
24.6     2.353857     5.227636
24.7     2.354677     5.386410
24.8     2.332914     5.520525
24.9     2.289562     5.621027
25.0     2.226639     5.680528
25.1     2.147256     5.693747
25.2     2.055737     5.658120
25.3     1.957718     5.574452
25.4     1.860112     5.447468
25.5     1.770772     5.286023
25.6     1.697706     5.102665
25.7     1.647875     4.912387
25.8     1.625953     4.730777
25.9     1.633566     4.572137
26.0     1.669257     4.448068
26.1     1.729036     4.366693
26.2     1.807151     4.332381
26.3     1.896868     4.345835
26.4     1.991174     4.404440
26.5     2.083363     4.502786
26.6     2.167472     4.633298
26.7     2.238540     4.786858
26.8     2.292732     4.953390
26.9     2.327343     5.122371
27.0     2.340762     5.283288
27.1     2.332405     5.426053
27.2     2.302678     5.541416
27.3     2.252967     5.621393
27.4     2.185684     5.659747
27.5     2.104344     5.652529
27.6     2.013661     5.598675
27.7     1.919578     5.500575
27.8     1.829111     5.364454
27.9     1.749841     5.200304
28.0     1.689013     5.021147
28.1     1.652371     4.841604
28.2     1.643173     4.676120
28.3     1.661756     4.537352
28.4     1.705731     4.435076
28.5     1.770589     4.375633
28.6     1.850432     4.361795
28.7     1.938682     4.392944
28.8     2.028714     4.465466
28.9     2.114356     4.573295
29.0     2.190245     4.708510
29.1     2.252029     4.861925
29.2     2.296438     5.023621
29.3     2.321282     5.183423
29.4     2.325406     5.331334
29.5     2.308644     5.457938
29.6     2.271792     5.554814
29.7     2.216622     5.614973
29.8     2.145932     5.633344
29.9     2.063625     5.607318
30.0     1.974759     5.537299
30.1     1.885500     5.427164
30.2     1.802828     5.284446
30.3     1.733892     5.119993
30.4     1.685049     4.946989
30.5     1.660819     4.779438
30.6     1.663163     4.630535
30.7     1.691318     4.511325
30.8     1.742152     4.429871
30.9     1.810781     4.390881
31.0     1.891259     4.395696
31.1     1.977227     4.442537
31.2     2.062468     4.526942
31.3     2.141336     4.642312
31.4     2.209037     4.780476
31.5     2.261783     4.932244
31.6     2.296826     5.087902
31.7     2.312454     5.237659
31.8     2.307941     5.372061
31.9     2.283517     5.482390
32.0     2.240361     5.561080
32.1     2.180622     5.602161
32.2     2.107473     5.601749
32.3     2.025176     5.558571
32.4     1.939079     5.474450
32.5     1.855467     5.354628
32.6     1.781142     5.207733
32.7     1.722677     5.045187
32.8     1.685459     4.880056
32.9     1.672812     4.725536
33.0     1.685532     4.593506
33.1     1.721936     4.493447
33.2     1.778305     4.431815
33.3     1.849507     4.411827
33.4     1.929634     4.433542
33.5     2.012594     4.494173
33.6     2.092595     4.588545
33.7     2.164503     4.709632
33.8     2.224067     4.849100
33.9     2.268020     4.997818
34.0     2.294105     5.146323
34.1     2.301051     5.285243
34.2     2.288542     5.405698
34.3     2.257189     5.499701
34.4     2.208542     5.560569
34.5     2.145118     5.583377
34.6     2.070452     5.565444
34.7     1.989125     5.506815
34.8     1.906702     5.410662
34.9     1.829476     5.283446
35.0     1.763931     5.134661
35.1     1.715944     4.976032
35.2     1.689885     4.820264
35.3     1.687946     4.679599
35.4     1.709893     4.564573
35.5     1.753284     4.483153
35.6     1.813957     4.440301
35.7     1.886636     4.437872
35.8     1.965525     4.474789
35.9     2.044838     4.547389
36.0     2.119216     4.649908
36.1     2.184026     4.774994
36.2     2.235527     4.914226
36.3     2.270945     5.058589
36.4     2.288478     5.198916
36.5     2.287274     5.326292
36.6     2.267403     5.432448
36.7     2.229850     5.510156
36.8     2.176526     5.553651
36.9     2.110302     5.559076
37.0     2.035050     5.524957
37.1     1.955624     5.452627
37.2     1.877720     5.346515
37.3     1.807519     5.214129
37.4     1.751059     5.065594
37.5     1.713423     4.912685
37.6     1.697962     4.767542
37.7     1.705815     4.641351
37.8     1.735862     4.543298
37.9     1.785042     4.479904
38.0     1.848872     4.454740
38.1     1.922028     4.468430
38.2     1.998884     4.518889
38.3     2.073992     4.601710
38.4     2.142432     4.710646
38.5     2.200051     4.838111
38.6     2.243596     4.975664
38.7     2.270752     5.114463
38.8     2.280148     5.245683
38.9     2.271328     5.360905
39.0     2.244736     5.452504
39.1     2.201716     5.514048
39.2     2.144530     5.540716
39.3     2.076390     5.529744
39.4     2.001469     5.480856
39.5     1.924835     5.396622
39.6     1.852219     5.282612
39.7     1.789569     5.147195
39.8     1.742360     5.000888
39.9     1.714825     4.855290
40.0     1.709317     4.721812
40.1     1.726021     4.610516
40.2     1.763062     4.529252
40.3     1.816893     4.483170
40.4     1.882818     4.474554
40.5     1.955541     4.502920
40.6     2.029660     4.565299
40.7     2.100086     4.656656
40.8     2.162333     4.770363
40.9     2.212717     4.898678
41.0     2.248442     5.033208
41.1     2.267633     5.165336
41.2     2.269320     5.286621
41.3     2.253430     5.389180
41.4     2.220765     5.466069
41.5     2.173018     5.511687
41.6     2.112792     5.522186
41.7     2.043614     5.495902
41.8     1.969920     5.433740
41.9     1.896915     5.339435
42.0     1.830266     5.219559
42.1     1.775569     5.083143
42.2     1.737646     4.940871
42.3     1.719847     4.803960
42.4     1.723576     4.682973
42.5     1.748172     4.586805
42.6     1.791131     4.522005
42.7     1.848536     4.492426
42.8     1.915573     4.499173
42.9     1.987042     4.540769
43.0     2.057805     4.613482
43.1     2.123144     4.711754
43.2     2.179007     4.828664
43.3     2.222157     4.956392
43.4     2.250235     5.086651
43.5     2.261778     5.211101
43.6     2.256205     5.321728
43.7     2.233803     5.411224
43.8     2.195726     5.473365
43.9     2.144004     5.503410
44.0     2.081561     5.498510
44.1     2.012216     5.458102
44.2     1.940609     5.384232
44.3     1.872006     5.281710
44.4     1.811900     5.157952
44.5     1.765431     5.022445
44.6     1.736696     4.885827
44.7     1.728165     4.758771
44.8     1.740361     4.650893
44.9     1.771884     4.569911
45.0     1.819720     4.521115
45.1     1.879686     4.507145
45.2     1.946931     4.528031
45.3     2.016410     4.581415
45.4     2.083278     4.662911
45.5     2.143198     4.766536
45.6     2.192543     4.885161
45.7     2.228505     5.010954
45.8     2.249143     5.135795
45.9     2.253384     5.251664
46.0     2.241018     5.351019
46.1     2.212682     5.427167
46.2     2.169867     5.474640
46.3     2.114930     5.489589
46.4     2.051096     5.470175
46.5     1.982435     5.416924
46.6     1.913733     5.332973
46.7     1.850224     5.224087
46.8     1.797126     5.098359
46.9     1.759028     4.965527
47.0     1.739265     4.835995
47.1     1.739448     4.719751
47.2     1.759297     4.625406
47.3     1.796787     4.559504
47.4     1.848498     4.526130
47.5     1.910075     4.526800
47.6     1.976704     4.560569
47.7     2.043538     4.624306
47.8     2.106049     4.713072
47.9     2.160285     4.820551
48.0     2.203034     4.939481
48.1     2.231899     5.062083
48.2     2.245337     5.180455
48.3     2.242649     5.286947
48.4     2.223980     5.374532
48.5     2.190306     5.437167
48.6     2.143444     5.470176
48.7     2.086059     5.470625
48.8     2.021655     5.437694
48.9     1.954505     5.372972
49.0     1.889469     5.280606
49.1     1.831656     5.167189
49.2     1.785910     5.041311
49.3     1.756202     4.912766
49.4     1.745083     4.791556
49.5     1.753351     4.686880
49.6     1.780015     4.606308
49.7     1.822523     4.555230
49.8     1.877153     4.536589
49.9     1.939460     4.550862
50.0     2.004725     4.596233
50.1     2.068336     4.668900
50.2     2.126102     4.763467
50.3     2.174454     4.873363
50.4     2.210580     4.991269
50.5     2.232482     5.109516
50.6     2.238995     5.220472
50.7     2.229780     5.316901
50.8     2.205321     5.392331
50.9     2.166924     5.441412
51.0     2.116718     5.460287
51.1     2.057660     5.446957
51.2     1.993494     5.401613
51.3     1.928643     5.326863
51.4     1.867965     5.227773
51.5     1.816351     5.111615
51.6     1.778181     4.987294
51.7     1.756760     4.864482
51.8     1.753861     4.752637
51.9     1.769529     4.660092
52.0     1.802152     4.593360
52.1     1.848753     4.556710
52.2     1.905395     4.552015
52.3     1.967617     4.578802
52.4     2.030844     4.634480
52.5     2.090734     4.714673
52.6     2.143434     4.813614
52.7     2.185761     4.924559
52.8     2.215290     5.040192
52.9     2.230405     5.153015
53.0     2.230301     5.255710
53.1     2.214987     5.341504
53.2     2.185277     5.404519
53.3     2.142790     5.440129
53.4     2.089956     5.445325
53.5     2.029997     5.419053
53.6     1.966858     5.362497
53.7     1.905050     5.279222
53.8     1.849343     5.175099
53.9     1.804320     5.057925
54.0     1.773831     4.936740
54.1     1.760481     4.820933
54.2     1.765296     4.719306
54.3     1.787634     4.639271
54.4     1.825357     4.586284
54.5     1.875155     4.563545
54.6     1.932956     4.571925
54.7     1.994346     4.610092
54.8     2.054937     4.674775
54.9     2.110676     4.761113
55.0     2.158060     4.863053
55.1     2.194277     4.973747
55.2     2.217283     5.085945
55.3     2.225824     5.192369
55.4     2.219447     5.286069
55.5     2.198491     5.360771
55.6     2.164089     5.411230
55.7     2.118165     5.433580
55.8     2.063427     5.425679
55.9     2.003332     5.387416
56.0     1.941979     5.320933
56.1     1.883897     5.230673
56.2     1.833686     5.123188
56.3     1.795537     5.006635
56.4     1.772714     4.890024
56.5     1.767120     4.782318
56.6     1.779072     4.691574
56.7     1.807323     4.624252
56.8     1.849293     4.584773
56.9     1.901427     4.575316
57.0     1.959592     4.595829
57.1     2.019472     4.644209
57.2     2.076901     4.716596
57.3     2.128129     4.807731
57.4     2.170005     4.911347
57.5     2.200084     5.020562
57.6     2.216685     5.128249
57.7     2.218906     5.227402
57.8     2.206630     5.311479
57.9     2.180518     5.374751
58.0     2.142007     5.412641
58.1     2.093311     5.422069
58.2     2.037396     5.401773
58.3     1.977916     5.352571
58.4     1.919070     5.277514
58.5     1.865329     5.181831
58.6     1.821040     5.072611
58.7     1.789934     4.958213
58.8     1.774653     4.847460
58.9     1.776410     4.748773
59.0     1.794869     4.669398
59.1     1.828257     4.614832
59.2     1.873639     4.588488
59.3     1.927291     4.591586
59.4     1.985083     4.623231
59.5     2.042842     4.680636
59.6     2.096651     4.759436
59.7     2.143076     4.854054
59.8     2.179313     4.958085
59.9     2.203276     5.064669
60.0     2.213634     5.166860
60.1     2.209826     5.257969
60.2     2.192058     5.331910
60.3     2.161299     5.383534
60.4     2.119283     5.408968
60.5     2.068493     5.405937
60.6     2.012124     5.374062
60.7     1.953989     5.315066
60.8     1.898319     5.232841
60.9     1.849454     5.133290
61.0     1.811411     5.023898
61.1     1.787405     4.913069
61.2     1.779442     4.809299
61.3     1.788071     4.720374
61.4     1.812367     4.652684
61.5     1.850109     4.610765
61.6     1.898092     4.597064
61.7     1.952490     4.611907
61.8     2.009233     4.653637
61.9     2.064328     4.718864
62.0     2.114128     4.802803
62.1     2.155519     4.899635
62.2     2.186042     5.002879
62.3     2.203959     5.105762
62.4     2.208279     5.201564
62.5     2.198768     5.283964
62.6     2.175943     5.347371
62.7     2.141074     5.387253
62.8     2.096173     5.400467
62.9     2.043973     5.385562
63.0     1.987866     5.343030
63.1     1.931769     5.275461
63.2     1.879885     5.187505
63.3     1.836345     5.085619
63.4     1.804768     4.977536
63.5     1.787814     4.871556
63.6     1.786851     4.775733
63.7     1.801810     4.697139
63.8     1.831244     4.641286
63.9     1.872564     4.611768
64.0     1.922366     4.610112
64.1     1.976790     4.635821
64.2     2.031869     4.686551
64.3     2.083824     4.758396
64.4     2.129290     4.846226
64.5     2.165476     4.944050
64.6     2.190263     5.045375
64.7     2.202251     5.143567
64.8     2.200778     5.232186
64.9     2.185923     5.305320
65.0     2.158508     5.357911
65.1     2.120086     5.386080
65.2     2.072934     5.387436
65.3     2.020008     5.361354
65.4     1.964859     5.309185
65.5     1.911455     5.234324
65.6     1.863897     5.142088
65.7     1.826038     5.039353
65.8     1.801041     4.933959
65.9     1.790989     4.833966
66.0     1.796632     4.746888
66.1     1.817330     4.679030
66.2     1.851188     4.635017
66.3     1.895323     4.617528
66.4     1.946200     4.627227
66.5     1.999982     4.662862
66.6     2.052846     4.721485
66.7     2.101247     4.798749
66.8     2.142116     4.889254
66.9     2.172984     4.986901
67.0     2.192064     5.085247
67.1     2.198283     5.177848
67.2     2.191298     5.258589
67.3     2.171493     5.322009
67.4     2.139979     5.363622
67.5     2.098582     5.380229
67.6     2.049822     5.370207
67.7     1.996850     5.333758
67.8     1.943329     5.273052
67.9     1.893218     5.192223
68.0     1.850448     5.097146
68.1     1.818529     4.994984
68.2     1.800125     4.893545
68.3     1.796736     4.800530
68.4     1.808521     4.722832
68.5     1.834332     4.665957
68.6     1.871893     4.633646
68.7     1.918101     4.627702
68.8     1.969352     4.647986
68.9     2.021879     4.692563
69.0     2.072038     4.757957
69.1     2.116537     4.839456
69.2     2.152604     4.931457
69.3     2.178094     5.027820
69.4     2.191543     5.122203
69.5     2.192197     5.208403
69.6     2.180018     5.280673
69.7     2.155686     5.334046
69.8     2.120589     5.364638
69.9     2.076811     5.369954
70.0     2.027089     5.349151
70.1     1.974737     5.303240
70.2     1.923479     5.235167
70.3     1.877200     5.149718
70.4     1.839597     5.053210
70.5     1.813778     4.952962
70.6     1.801884     4.856616
70.7     1.804835     4.771419
70.8     1.822246     4.703578
70.9     1.852518     4.657782
71.0     1.893067     4.636908
71.1     1.940634     4.641926
71.2     1.991604     4.671957
71.3     2.042321     4.724459
71.4     2.089345     4.795497
71.5     2.129652     4.880068
71.6     2.160772     4.972434
71.7     2.180875     5.066468
71.8     2.188815     5.155984
71.9     2.184145     5.235067
72.0     2.167125     5.298381
72.1     2.138717     5.341486
72.2     2.100575     5.361134
72.3     2.055019     5.355550
72.4     2.004982     5.324672
72.5     1.953894     5.270291
72.6     1.905487     5.196068
72.7     1.863512     5.107350
72.8     1.831365     5.010773
72.9     1.811710     4.913681
73.0     1.806151     4.823435
73.1     1.815051     4.746742
73.2     1.837527     4.689083
73.3     1.871595     4.654323
73.4     1.914431     4.644505
73.5     1.962678     4.659816
73.6     2.012761     4.698702
73.7     2.061170     4.758085
73.8     2.104690     4.833648
73.9     2.140573     4.920159
74.0     2.166653     5.011808
74.1     2.181410     5.102538
74.2     2.184005     5.186369
74.3     2.174291     5.257715
74.4     2.152814     5.311695
74.5     2.120807     5.344429
74.6     2.080175     5.353327
74.7     2.033454     5.337349
74.8     1.983737     5.297198
74.9     1.934527     5.235411
75.0     1.889508     5.156292
75.1     1.852229     5.065640
75.2     1.825737     4.970290
75.3     1.812218     4.877485
75.4     1.812737     4.794207
75.5     1.827135     4.726554
75.6     1.854084     4.679255
75.7     1.891280     4.655360
75.8     1.935721     4.656111
75.9     1.984009     4.680972
76.0     2.032650     4.727780
76.1     2.078309     4.792988
76.2     2.118015     4.871968
76.3     2.149300     4.959324
76.4     2.170298     5.049232
76.5     2.179796     5.135757
76.6     2.177251     5.213171
76.7     2.162808     5.276264
76.8     2.137287     5.320642
76.9     2.102182     5.343015
77.0     2.059629     5.341474
77.1     2.012356     5.315713
77.2     1.963578     5.267183
77.3     1.916821     5.199112
77.4     1.875663     5.116362
77.5     1.843395     5.025078
77.6     1.822664     4.932167
77.7     1.815163     4.844662
77.8     1.821433     4.769077
77.9     1.840830     4.710854
78.0     1.871640     4.673954
78.1     1.911302     4.660634
78.2     1.956692     4.671378
78.3     2.004425     4.704984
78.4     2.051122     4.758747
78.5     2.093648     4.828723
78.6     2.129284     4.910033
78.7     2.155849     4.997184
78.8     2.171775     5.084389
78.9     2.176142     5.165886
79.0     2.168703     5.236245
79.1     2.149878     5.290670
79.2     2.120755     5.325288
79.3     2.083070     5.337427
79.4     2.039174     5.325869
79.5     1.991955     5.291038
79.6     1.944710     5.235097
79.7     1.900936     5.161904
79.8     1.864044     5.076786
79.9     1.837014     4.986117
80.0     1.822063     4.896763
80.1     1.820382     4.815443
80.2     1.832013     4.748135
80.3     1.855874     4.699588
80.4     1.889923     4.673000
80.5     1.931401     4.669859
80.6     1.977120     4.689941
80.7     2.023746     4.731437
80.8     2.068049     4.791168
80.9     2.107114     4.864858
81.0     2.138482     4.947443
81.1     2.160257     5.033385
81.2     2.171164     5.116993
81.3     2.170574     5.192722
81.4     2.158519     5.255484
81.5     2.135691     5.300931
81.6     2.103431     5.325743
81.7     2.063702     5.327888
81.8     2.019044     5.306841
81.9     1.972473     5.263741
82.0     1.927321     5.201420
82.1     1.887004     5.124291
82.2     1.854709     5.038043
82.3     1.833061     4.949170
82.4     1.823823     4.864383
82.5     1.827691     4.790003
82.6     1.844241     4.731416
82.7     1.872004     4.692659
82.8     1.908668     4.676175
82.9     1.951334     4.682721
83.0     1.996797     4.711417
83.1     2.041813     4.759911
83.2     2.083329     4.824612
83.3     2.118658     4.900977
83.4     2.145611     4.983816
83.5     2.162576     5.067606
83.6     2.168562     5.146794
83.7     2.163226     5.216102
83.8     2.146870     5.270820
83.9     2.120447     5.307086
84.0     2.085534     5.322158
84.1     2.044307     5.314656
84.2     1.999466     5.284749
84.3     1.954115     5.234260
84.4     1.911578     5.166637
84.5     1.875129     5.086763
84.6     1.847684     5.000585
84.7     1.831476     4.914604
84.8     1.827804     4.835281
84.9     1.836888     4.768463
85.0     1.857873     4.718904
85.1     1.888961     4.689923
85.2     1.927624     4.683228
85.3     1.970876     4.698887
85.4     2.015539     4.735418
85.5     2.058492     4.789988
85.6     2.096877     4.858659
85.7     2.128251     4.936683
85.8     2.150693     5.018800
85.9     2.162873     5.099552
86.0     2.164080     5.173575
86.1     2.154245     5.235898
86.2     2.133934     5.282227
86.3     2.104347     5.309216
86.4     2.067285     5.314723
86.5     2.025111     5.298027
86.6     1.980655     5.259978
86.7     1.937071     5.203047
86.8     1.897619     5.131230
86.9     1.865383     5.049789
87.0     1.842961     4.964825
87.1     1.832170     4.882740
87.2     1.833845     4.809656
87.3     1.847755     4.750889
87.4     1.872663     4.710535
87.5     1.906490     4.691197
87.6     1.946550     4.693879
87.7     1.989817     4.718003
87.8     2.033180     4.761547
87.9     2.073667     4.821254
88.0     2.108632     4.892904
88.1     2.135882     4.971598
88.2     2.153766     5.052067
88.3     2.161230     5.128962
88.4     2.157839     5.197156
88.5     2.143788     5.252023
88.6     2.119897     5.289720
88.7     2.087600     5.307443
88.8     2.048904     5.303666
88.9     2.006334     5.278327
89.0     1.962817     5.232935
89.1     1.921509     5.170560
89.2     1.885557     5.095671
89.3     1.857807     5.013814
89.4     1.840501     4.931137
89.5     1.835027     4.853847
89.6     1.841765     4.787654
89.7     1.860069     4.737298
89.8     1.888364     4.706200
89.9     1.924347     4.696265
90.0     1.965223     4.707824
90.1     2.007970     4.739707
90.2     2.049577     4.789405
90.3     2.087245     4.853303
90.4     2.118552     4.926954
90.5     2.141559     5.005370
90.6     2.154885     5.083317
90.7     2.157746     5.155609
90.8     2.149974     5.217393
90.9     2.132022     5.264429
91.0     2.104952     5.293353
91.1     2.070416     5.301928
91.2     2.030609     5.289251
91.3     1.988189     5.255911
91.4     1.946139     5.204043
91.5     1.907574     5.137259
91.6     1.875477     5.060418
91.7     1.852410     4.979249
91.8     1.840236     4.899850
91.9     1.839906     4.828145
92.0     1.851368     4.769370
92.1     1.873596     4.727656
92.2     1.904732     4.705750
92.3     1.942296     4.704877
92.4     1.983433     4.724740
92.5     2.025165     4.763625
92.6     2.064607     4.818595
92.7     2.099154     4.885738
92.8     2.126614     4.960437
92.9     2.145308     5.037668
93.0     2.154118     5.112282
93.1     2.152529     5.179299
93.2     2.140630     5.234182
93.3     2.119121     5.273108
93.4     2.089295     5.293223
93.5     2.053007     5.292870
93.6     2.012615     5.271774
93.7     1.970876     5.231156
93.8     1.930792     5.173735
93.9     1.895386     5.103597
94.0     1.867432     5.025904
94.1     1.849173     4.946470
94.2     1.842070     4.871247
94.3     1.846647     4.805803
94.4     1.862445     4.754849
94.5     1.888105     4.721888
94.6     1.921531     4.709000
94.7     1.960116     4.716761
94.8     2.000991     4.744287
94.9     2.041253     4.789378
95.0     2.078169     4.848727
95.1     2.109340     4.918177
95.2     2.132816     4.993003
95.3     2.147170     5.068190
95.4     2.151552     5.138725
95.5     2.145701     5.199874
95.6     2.129961     5.247455
95.7     2.105267     5.278092
95.8     2.073129     5.289463
95.9     2.035584     5.280503
96.0     1.995128     5.251559
96.1     1.954583     5.204456
96.2     1.916926     5.142448
96.3     1.885040     5.070018
96.4     1.861448     4.992538
96.5     1.848044     4.915812
96.6     1.845882     4.845564
96.7     1.855071     4.786938
96.8     1.874782     4.744086
96.9     1.903364     4.719875
97.0     1.938531     4.715733
97.1     1.977601     4.731620
97.2     2.017724     4.766116
97.3     2.056103     4.816587
97.4     2.090180     4.879414
97.5     2.117772     4.950255
97.6     2.137170     5.024321
97.7     2.147205     5.096662
97.8     2.147283     5.162442
97.9     2.137397     5.217215
98.0     2.118131     5.257184
98.1     2.090647     5.279452
98.2     2.056654     5.282244
98.3     2.018354     5.265093
98.4     1.978345     5.228954
98.5     1.939482     5.176220
98.6     1.904666     5.110616
98.7     1.876600     5.036944
98.8     1.857519     4.960694
98.9     1.848947     4.887570
99.0     1.851532     4.822988
99.1     1.864990     4.771620
99.2     1.888159     4.737033
99.3     1.919143     4.721460
99.4     1.955516     4.725701
99.5     1.994559     4.749140
99.6     2.033477     4.789870
99.7     2.069608     4.844877
99.8     2.100579     4.910286
99.9     2.124433     4.981622
100.0     2.139707     5.054087
