   1.0000000000000001e-01
   8.9999999999999997e-02
   8.0000000000000002e-02
   7.0000000000000007e-02
   5.9999999999999998e-02
   5.0000000000000003e-02
   4.0000000000000001e-02
   2.9999999999999999e-02
   2.0000000000000000e-02
   1.0000000000000000e-02
   8.9999999999999993e-03
   8.0000000000000002e-03
   7.0000000000000001e-03
   6.0000000000000001e-03
   5.0000000000000001e-03
   4.0000000000000001e-03
   3.0000000000000001e-03
   2.0000000000000000e-03
   1.0000000000000000e-03
   8.9999999999999998e-04
   8.0000000000000004e-04
   6.9999999999999999e-04
   5.9999999999999995e-04
   5.0000000000000001e-04
   4.0000000000000002e-04
   2.9999999999999997e-04
   2.0000000000000001e-04
   1.0000000000000000e-04
