   1.9620979547228551e-02
   4.0510610360735555e-03
   1.0195463470815680e-03
   3.3234646980476179e-04
   2.3493023278267633e-04
   3.9569617925749867e-04
   4.0636857685905081e-05
   1.7930937611682074e-05
   5.4086306158496189e-06
   2.7106035507817872e-07
   1.6321997076129691e-07
   8.3988916460553398e-08
   5.3594209847851459e-08
   2.6269703135017863e-08
   1.5037441319920575e-08
   6.0093889031609393e-09
   1.7448466005376417e-09
   3.5723041191815241e-10
   2.1744883671459547e-11
   1.4135054238195721e-11
   8.8487273064430383e-12
   5.0789095151770880e-12
   2.7159385851405204e-12
   1.3230805340214147e-12
   5.2841064857034326e-13
   1.6955881143587703e-13
   4.7628567756419216e-14
   2.0816681711721685e-14
