   1.8627130202376885e-02
   1.4565904363181809e-02
   1.1667754288835569e-02
   9.5676254659629867e-03
   8.4985612591202131e-03
   8.5202048843115719e-03
   5.9644189887823607e-03
   4.6356696462718505e-03
   3.3207531799096246e-03
   1.6464759754282743e-03
   1.4653165080918129e-03
   1.2842872634546143e-03
   1.1305188138692190e-03
   9.6923596320985794e-04
   8.1980118256608225e-04
   6.5529323764432212e-04
   4.8723863397789891e-04
   3.2709994540916498e-04
   1.6341355692325865e-04
   1.4690724411672851e-04
   1.3070903487613639e-04
   1.1424625712974645e-04
   9.7862655240116281e-05
   8.1672705446900196e-05
   6.5332714639571021e-05
   4.8957272748839653e-05
   3.2660908585391280e-05
   1.6329092357630914e-05
