   0.0000000000000000e+00   0.0000000000000000e+00
  -2.4851053756166398e-08   1.9194145708598120e-10
  -1.6494566749025892e-08   2.5343715212393370e-10
  -7.6995175321168882e-09   4.0258158406306782e-10
   6.1413081272189245e-08   2.0663995370503660e-09
   9.5336659799299950e-08   2.2281166258807800e-09
   1.0112172974744826e-07   2.3542724476724800e-09
   9.9101975582207777e-08   2.5290948488026696e-09
   1.1011552595305892e-07   2.6578314434293898e-09
   1.1177920573824870e-07   2.7257159487380916e-09
   1.4705282724695491e-07   3.9956337546335347e-09
   5.4915785936292174e-07   4.3888148025745047e-09
   5.5229194369178693e-07   4.4633740611896983e-09
   5.5657109370907919e-07   4.6408371362407358e-09
   5.4915196551154257e-07   4.8418789981097624e-09
   5.5375965930825645e-07   4.8829983473547625e-09
   5.7553417871487964e-07   5.4410711468073220e-09
   7.6271744759164213e-07   6.2505850026038298e-09
   7.6939106677712497e-07   6.3129659384156961e-09
   7.7586784307350550e-07   6.4807924480495688e-09
   7.7017427269564752e-07   6.6720373866633112e-09
   7.7772030720297224e-07   6.7272639730966283e-09
   7.8748707062962879e-07   6.8836643710460874e-09
   8.5031382109773679e-07   8.2834825072342425e-09
   8.7954652919751148e-07   8.4313977623652961e-09
   8.8575339336164228e-07   8.5675283452999254e-09
   8.8145871829348708e-07   8.7768191537251558e-09
   8.9242731974507709e-07   8.8901778057259850e-09
   8.9453182143919060e-07   8.9583835347680635e-09
   9.3491599869319816e-07   1.0671554008523376e-08
   1.5816784972735127e-06   1.1028884901805210e-08
   1.5842782066193125e-06   1.1121301562500886e-08
   1.5874903232328047e-06   1.1277306509092054e-08
   1.5858359673705420e-06   1.1476991405964983e-08
   1.5904059444254168e-06   1.1515671403646358e-08
   1.6133150050084326e-06   1.2213733146387851e-08
   1.8440507588913168e-06   1.2920732597233343e-08
   1.8503155923927858e-06   1.2979410761882609e-08
   1.8576829092060380e-06   1.3151326179114409e-08
   1.8496072158738844e-06   1.3341463405607337e-08
   1.8564740565608830e-06   1.3392374085033874e-08
   1.8669008456736634e-06   1.3559489071271122e-08
   1.9310974924274804e-06   1.5136912245991216e-08
   1.9560034284475279e-06   1.5270921447404877e-08
   1.9616794876065654e-06   1.5423651414099397e-08
   1.9593367513667543e-06   1.5635260141059690e-08
   1.9706673048330370e-06   1.5738756547600125e-08
   1.9735365767241907e-06   1.5816452723156800e-08
   2.0219452199954271e-06   1.7355966059956138e-08
   2.1264029179590607e-06   1.7680282316098403e-08
   2.1295849392093938e-06   1.7769257908291890e-08
   2.1314933689635732e-06   1.7935152332357839e-08
   2.1341072089449452e-06   1.8128392320604890e-08
   2.1377003393366909e-06   1.8167841808335201e-08
   2.1618820968118081e-06   1.9043110898939175e-08
   2.4377041674999078e-06   1.9673273337879674e-08
   2.4426137875204444e-06   1.9734658398542701e-08
   2.4489209235750839e-06   1.9912631919229151e-08
   2.4400764002158355e-06   2.0111510135316542e-08
   2.4464262687787621e-06   2.0159828111889454e-08
   2.4559600091884123e-06   2.0347396983240104e-08
   2.5682096101291600e-06   2.3121590217423625e-08
   2.5886653956668252e-06   2.3239111965832858e-08
   2.5940748925029752e-06   2.3402695833313336e-08
   2.5921392328700707e-06   2.3606923137218377e-08
   2.6033625308146150e-06   2.3702010210416291e-08
   2.6071445035294330e-06   2.3791852046860587e-08
   2.6678181970423787e-06   2.5028896451489285e-08
   2.7665067880842291e-06   2.5322881483228789e-08
   2.7693618589192531e-06   2.5414626075512259e-08
   2.7708101890278752e-06   2.5568101704961411e-08
   2.7767993924413632e-06   2.5745094375806410e-08
   2.7794991807319688e-06   2.5783675405236656e-08
   2.8050733256791173e-06   2.6936536179746409e-08
   3.1367272068689870e-06   2.7619348148713412e-08
   3.1412355674020811e-06   2.7678972515680564e-08
   3.1478779175495323e-06   2.7858675271286333e-08
   3.1360359294815496e-06   2.8088679436088886e-08
   3.1420258576148009e-06   2.8134734547853070e-08
   3.1575211265815004e-06   2.8349535540167330e-08
   3.2789391794583837e-06   3.3412470264843584e-08
   3.2965266880964194e-06   3.3518335771308937e-08
   3.3018315927195322e-06   3.3690232904772140e-08
   3.3000588629097981e-06   3.3900637108922813e-08
   3.3114989493237884e-06   3.3988642071289786e-08
   3.3162862398246557e-06   3.4101899218982185e-08
   3.3762094227928309e-06   3.5373999662303458e-08
   3.4557115709358275e-06   3.5639432219747476e-08
   3.4586678095738276e-06   3.5739453407802532e-08
   3.4594116035938007e-06   3.5896178581765366e-08
   3.4703415739852344e-06   3.6059139507877216e-08
   3.4722991092835890e-06   3.6107019644690021e-08
   3.4994345993821048e-06   3.7104614388047859e-08
   3.8970207813233786e-06   3.7696156876218002e-08
   3.9013354335654202e-06   3.7761921972169488e-08
   3.9080198645977636e-06   3.7946935096456504e-08
   3.8924918461421794e-06   3.8151435106156123e-08
   3.8982034918100001e-06   3.8193590731067095e-08
   3.9169058707973952e-06   3.8440683310971002e-08
   4.3630119047801796e-06   4.3059709956732098e-08
   4.3767968113410296e-06   4.3151019176574344e-08
   4.3820722137125892e-06   4.3327663385925308e-08
   4.3802474649776635e-06   4.3495289113893582e-08
   4.3910703306497979e-06   4.3588018563988674e-08
   4.3967200471717793e-06   4.3715882132788417e-08
   4.4614138402660755e-06   4.5151743804537278e-08
   4.5253033579026151e-06   4.5390771730787101e-08
   4.5286357876003639e-06   4.5508735565884771e-08
   4.5286938021736525e-06   4.5671195263163877e-08
   4.5395428556814325e-06   4.5822500078953991e-08
   4.5411909691695646e-06   4.5876438258289284e-08
   4.5702542346560786e-06   4.6826278203809628e-08
   5.0330222018945018e-06   4.7355869666507004e-08
   5.0372379636184818e-06   4.7414341328806328e-08
   5.0437566456030918e-06   4.7596538089306195e-08
   5.0231699342378469e-06   4.7789679825851333e-08
   5.0286374023231087e-06   4.7827417206237725e-08
   5.0482701070300685e-06   4.8110676768528017e-08
   5.1560066091707601e-06   5.0154105435580576e-08
   5.1695581088609562e-06   5.0242840955489095e-08
   5.1748625331056366e-06   5.0412567199182266e-08
   5.1727618569693407e-06   5.0614936400656708e-08
   5.1830012011435354e-06   5.0690988977436340e-08
   5.1895282170971854e-06   5.0847420167811699e-08
   5.2583248369129660e-06   5.2393956929421524e-08
   5.3110612709529690e-06   5.2609063069461448e-08
   5.3152592843621954e-06   5.2734590420887122e-08
   5.3146221568794788e-06   5.2882608300632711e-08
   5.3225251236420400e-06   5.3024169926660890e-08
   5.3256654609240301e-06   5.3074297407060961e-08
   5.3582059126446946e-06   5.4072648275832816e-08
   5.5561498884199121e-06   5.4552826108007768e-08
   5.5603344090583273e-06   5.4621074740447695e-08
   5.5665136195840728e-06   5.4808831856725804e-08
   5.5379326126215808e-06   5.4996386299839203e-08
   5.5431644760116925e-06   5.5040374674847695e-08
   5.5631566293454400e-06   5.5402859286293564e-08
   5.6881424039918142e-06   5.6606108023811094e-08
   5.6994417458694447e-06   5.6694220899747641e-08
   5.7072891013988311e-06   5.6862222604309523e-08
   5.7033485062061217e-06   5.7067758231347555e-08
   5.7129110166637478e-06   5.7138371516965610e-08
   5.7203594922794433e-06   5.7285395210749344e-08
   5.7917515482519078e-06   5.9117603734646501e-08
   5.8359763080895362e-06   5.9310382611384334e-08
   5.8409347070825790e-06   5.9430168041657051e-08
   5.8398244051326978e-06   5.9585800413338927e-08
   5.8508125270600184e-06   5.9719097489623757e-08
   5.8538288380309772e-06   5.9781160301110997e-08
   5.8959167977712824e-06   6.0837675511390098e-08
   6.2007172794756576e-06   6.1274690815109160e-08
   6.2048624350476362e-06   6.1340456986806041e-08
   6.2105271394236744e-06   6.1525905469764913e-08
   6.1681604980601268e-06   6.1689562942321419e-08
   6.1731743650687669e-06   6.1729724450229791e-08
   6.1937820126838159e-06   6.2148435309617063e-08
   6.3403707290158153e-06   6.3143930494708941e-08
   6.3496742992549988e-06   6.3214596165398103e-08
   6.3571729050005592e-06   6.3383255891232004e-08
   6.3524373376581088e-06   6.3581066310643662e-08
   6.3612555155720006e-06   6.3644473521006981e-08
   6.3696657395778244e-06   6.3792467011841540e-08
   6.4409821532000495e-06   6.5548267376750423e-08
   6.4785446896499120e-06   6.5719509470389161e-08
   6.4841131667386356e-06   6.5843947904555521e-08
   6.4824921353405464e-06   6.6013353521693872e-08
   6.4936387300152699e-06   6.6147631745433651e-08
   6.4955021671534796e-06   6.6217086653621270e-08
   6.5296439168253690e-06   6.7428017168553490e-08
   6.8493664216520960e-06   6.7829880165642779e-08
   6.8528745613327582e-06   6.7898146652398822e-08
   6.8576470163639672e-06   6.8076205540995929e-08
   6.8446048707074400e-06   6.8269543339240929e-08
   6.8493989124509928e-06   6.8309671375117731e-08
   6.8708312846463369e-06   6.8832661753010470e-08
   7.0446971052172966e-06   6.9671303034972432e-08
   7.0522850664150394e-06   6.9733674588640798e-08
   7.0592542245979852e-06   6.9902167265591293e-08
   7.0537194976556025e-06   7.0094426947399022e-08
   7.0617877820975230e-06   7.0150934831274617e-08
   7.0711689207953073e-06   7.0304945971161846e-08
   7.1384346127964472e-06   7.1912663254249630e-08
   7.1707558929669539e-06   7.2062356486993911e-08
   7.1768005627352582e-06   7.2198903586901363e-08
   7.1738647589276268e-06   7.2398140721721162e-08
   7.1847324124949419e-06   7.2515212476247093e-08
   7.1865321996216749e-06   7.2581964963031737e-08
   7.2241977706940380e-06   7.4132500737893181e-08
   7.7393187913467158e-06   7.4499422290279574e-08
   7.7422506633369106e-06   7.4589577200075835e-08
   7.7460410212243846e-06   7.4766366118432862e-08
   7.7410394728673771e-06   7.5008951298349662e-08
   7.7462745427302280e-06   7.5047416940371078e-08
   7.7687132380275690e-06   7.5704378942205962e-08
   7.9837609224347973e-06   7.6436167111872122e-08
   7.9902005240266739e-06   7.6497341597054486e-08
   7.9963138170937535e-06   7.6666777742507089e-08
   7.9902478299842192e-06   7.6856607492516507e-08
   7.9975949189597289e-06   7.6909415171861305e-08
   8.0078561762566072e-06   7.7072731832512203e-08
   8.0707031597866859e-06   7.8545880318739089e-08
   8.0987551942349493e-06   7.8683694387164486e-08
   8.1048276271082197e-06   7.8833048836653846e-08
   8.1018913986633748e-06   7.9048516367732392e-08
   8.1134571109443875e-06   7.9154267416167018e-08
   8.1158628659068173e-06   7.9229013158314820e-08
   8.1596521733060152e-06   8.0809683300942133e-08
   8.2768275737887809e-06   8.1142644018533140e-08
   8.2793326676623312e-06   8.1234640027108909e-08
   8.2820196691078948e-06   8.1404187900029068e-08
   8.2817598425691382e-06   8.1602440843279479e-08
   8.2860105606213149e-06   8.1641600058321093e-08
   8.3096240222665495e-06   8.2458942256909314e-08
   8.5639906574644332e-06   8.3109536788824809e-08
   8.5698539265534291e-06   8.3170135716393451e-08
   8.5756685728888152e-06   8.3346807598053303e-08
   8.5684777570909721e-06   8.3541815526911971e-08
   8.5751191963930225e-06   8.3590739409110035e-08
   8.5889154792804026e-06   8.3772137997317753e-08
   8.6658500824660480e-06   8.5958179356208399e-08
   8.6893345186500690e-06   8.6081413489067643e-08
   8.6949686693247197e-06   8.6242384016773505e-08
   8.6926066966267791e-06   8.6447590709991251e-08
   8.7038337643300257e-06   8.6544875208590527e-08
   8.7070514572546321e-06   8.6631403658794098e-08
   8.7601242919051279e-06   8.7886370233572660e-08
   8.8535074877643411e-06   8.8188378675915606e-08
   8.8565908156289621e-06   8.8291410782633493e-08
   8.8589496725748887e-06   8.8459198435654127e-08
   8.8627390945690727e-06   8.8640235052775060e-08
   8.8660673488765362e-06   8.8678989426833887e-08
   8.8909537118903904e-06   8.9792017272179343e-08
   9.1940297896999160e-06   9.0365697442387934e-08
   9.1988290102039925e-06   9.0427254595534454e-08
   9.2053172092116742e-06   9.0607150791564492e-08
   9.1952697597516824e-06   9.0825425132549063e-08
   9.2015663027678312e-06   9.0872108275577394e-08
   9.2151248153185886e-06   9.1078990148646746e-08
   9.3045667356406398e-06   9.6162577532593260e-08
   9.3246282948046457e-06   9.6272340492382230e-08
   9.3300565368972278e-06   9.6442458914118914e-08
   9.3280228410929115e-06   9.6656950593094343e-08
   9.3393684261910579e-06   9.6747493032850983e-08
   9.3441491010931230e-06   9.6849556889457705e-08
   9.4155741209234678e-06   9.8091066671047826e-08
   9.5040666303391813e-06   9.8364114998919332e-08
   9.5069708528600734e-06   9.8457127046419103e-08
   9.5081904281771107e-06   9.8609246015207708e-08
   9.5147986852257751e-06   9.8775790067194558e-08
   9.5172936888713016e-06   9.8821184986788713e-08
   9.5435701691520044e-06   9.9848253214563504e-08
   9.9059942033014395e-06   1.0045999554474973e-07
   9.9104907608671845e-06   1.0051894200628544e-07
   9.9171928669653658e-06   1.0069594094880632e-07
   9.9040902215718910e-06   1.0090139825709096e-07
   9.9100796537306786e-06   1.0094495505620898e-07
   9.9267364680899082e-06   1.0118314625246795e-07
   1.0068304238821648e-05   1.0617039442224752e-07
   1.0085422013748880e-05   1.0626447608701531e-07
   1.0090779236162934e-05   1.0644031019221237e-07
   1.0088846021624178e-05   1.0664431582090017e-07
   1.0100500333154439e-05   1.0672778374726417e-07
   1.0105370057671950e-05   1.0686056989370890e-07
   1.0167749683247934e-05   1.0818794249096292e-07
   1.0243743934863964e-05   1.0843395972283138e-07
   1.0246833374495386e-05   1.0854692181747928e-07
   1.0247252072050636e-05   1.0870735319703194e-07
   1.0258350712518457e-05   1.0886160936216492e-07
   1.0260189666077765e-05   1.0891556299376642e-07
   1.0288037978849781e-05   1.0986437957256553e-07
   1.0718391761510007e-05   1.1040906733837674e-07
   1.0722728506530502e-05   1.1046549357770878e-07
   1.0729405283502408e-05   1.1064551174041169e-07
   1.0712466708181828e-05   1.1084699291341159e-07
   1.0718198074186449e-05   1.1088557366203348e-07
   1.0737889888604892e-05   1.1115884573096105e-07
   1.0836743989671156e-05   1.1352832037848405e-07
   1.0851934370808246e-05   1.1361773825089606e-07
   1.0857286095672185e-05   1.1378965064960059e-07
   1.0855248056318152e-05   1.1399234948398888e-07
   1.0866063183313616e-05   1.1406995648521791e-07
   1.0871993415428774e-05   1.1422823170995858e-07
   1.0938567531253380e-05   1.1618751830978248e-07
   1.1000724677616251e-05   1.1643374221790691e-07
   1.1004263779557663e-05   1.1656364161643628e-07
   1.1004067878169778e-05   1.1671051518649146e-07
   1.1014753715639760e-05   1.1685458507835859e-07
   1.1016489046804874e-05   1.1690661623562758e-07
   1.1046338337406935e-05   1.1788318128331393e-07
   1.1537073381664292e-05   1.1837583516432874e-07
   1.1541324841296660e-05   1.1844085262579553e-07
   1.1547791246479568e-05   1.1862698968804781e-07
   1.1525531082789910e-05   1.1880522569375496e-07
   1.1531026691046897e-05   1.1884464174989444e-07
   1.1550833500340290e-05   1.1917803072300677e-07
   1.1664209118392079e-05   1.2054481383591033e-07
   1.1677547352793383e-05   1.2063323546205110e-07
   1.1683884817151151e-05   1.2080119682594381e-07
   1.1682458487156933e-05   1.2101751178114975e-07
   1.1692643581058667e-05   1.2109010807405916e-07
   1.1699429831676868e-05   1.2122683957095214e-07
   1.1769729574581103e-05   1.2313486818886759e-07
   1.1821696611565491e-05   1.2333325071173327e-07
   1.1826078391467842e-05   1.2345296939700236e-07
   1.1825120653165982e-05   1.2360600341973938e-07
   1.1833750712286870e-05   1.2374138836203710e-07
   1.1836719382541045e-05   1.2379473593774303e-07
   1.1870231138392260e-05   1.2483286419601343e-07
   1.2078337845951520e-05   1.2528129389444403e-07
   1.2082564862927114e-05   1.2534833395653078e-07
   1.2088664753202405e-05   1.2553491780050059e-07
   1.2057984430467695e-05   1.2576157985561952e-07
   1.2063255863777522e-05   1.2579736077833210e-07
   1.2083471957805600e-05   1.2618762330136781e-07
   1.2214524829626565e-05   1.2725906267294605e-07
   1.2225689498248792e-05   1.2733211395747710e-07
   1.2233572239645591e-05   1.2750066108024177e-07
   1.2229340457850383e-05   1.2770029776773984e-07
   1.2238908780500967e-05   1.2776564279086064e-07
   1.2246599390701831e-05   1.2791282923347354e-07
   1.2318987599453375e-05   1.2971745255263394e-07
   1.2363005532914449e-05   1.2989421221704794e-07
   1.2368098758221450e-05   1.3001704982833293e-07
   1.2366761423092854e-05   1.3018184013993770e-07
   1.2377823512328256e-05   1.3031983459260797e-07
   1.2381242224401346e-05   1.3039882763800272e-07
   1.2417405179089851e-05   1.3156653555002930e-07
   1.2680402153549659e-05   1.3197775232582937e-07
   1.2684525341988013e-05   1.3206046134981234e-07
   1.2690072095472593e-05   1.3221542802558869e-07
   1.2645695168046972e-05   1.3246232915555510e-07
   1.2650757492418951e-05   1.3250007114954700e-07
   1.2671609455246267e-05   1.3298969209955911e-07
   1.2824678761634827e-05   1.3386407570923839e-07
   1.2833934475569371e-05   1.3392839797745325e-07
   1.2841458644847234e-05   1.3409716718656463e-07
   1.2836449287936184e-05   1.3429069207929016e-07
   1.2845296700443988e-05   1.3434898179479245e-07
   1.2853924619279098e-05   1.3450093621183209e-07
   1.2925692267136955e-05   1.3611712742687097e-07
   1.2963394586219443e-05   1.3627167601390662e-07
   1.2969062962033093e-05   1.3640692004765215e-07
   1.2967160471845027e-05   1.3659702076916636e-07
   1.2978362943181663e-05   1.3671807948679570e-07
   1.2980170697424838e-05   1.3678416762490445e-07
   1.3014888930398252e-05   1.3820746172011657e-07
   1.3348403488341746e-05   1.3858696243341465e-07
   1.3351912499113476e-05   1.3867053977561876e-07
   1.3356580418652985e-05   1.3884699067551708e-07
   1.3343597042976552e-05   1.3906861508097661e-07
   1.3348447045868905e-05   1.3910818302581736e-07
   1.3370124976186371e-05   1.3972634089923046e-07
   1.3550780708230137e-05   1.4048525366606134e-07
   1.3558394846507481e-05   1.4054841442523620e-07
   1.3565390086543142e-05   1.4072254262852048e-07
   1.3559608730839834e-05   1.4091246240634150e-07
   1.3567734344088929e-05   1.4096709837884552e-07
   1.3577302329121125e-05   1.4112856043123258e-07
   1.3644646432507722e-05   1.4261600693281362e-07
   1.3677357837479616e-05   1.4275684307124645e-07
   1.3683476520610850e-05   1.4290238139927185e-07
   1.3680253468361173e-05   1.4314305825336923e-07
   1.3691167477219404e-05   1.4324964644780308e-07
   1.3692999090471857e-05   1.4332161660344112e-07
   1.3731348797339760e-05   1.4496785585057636e-07
   1.4376210650635037e-05   1.4530973418221040e-07
   1.4379168160598855e-05   1.4540269292935559e-07
   1.4382881829548902e-05   1.4557490866007241e-07
   1.4377538400069307e-05   1.4577847257883202e-07
   1.4382834007460273e-05   1.4581587831250745e-07
   1.4405510704221204e-05   1.4659014439843184e-07
   1.4627503882192069e-05   1.4725952726570967e-07
   1.4634032285731837e-05   1.4731927465341105e-07
   1.4640197130174389e-05   1.4749443017847766e-07
   1.4633904804894210e-05   1.4768678473307123e-07
   1.4641342361715933e-05   1.4773634499651647e-07
   1.4651755513640004e-05   1.4791198732326278e-07
   1.4715601701092919e-05   1.4979173130927163e-07
   1.4744167460403745e-05   1.4991909947953581e-07
   1.4750339930410541e-05   1.5007719001900160e-07
   1.4747206133508333e-05   1.5028410071753727e-07
   1.4758859874454649e-05   1.5038369493138113e-07
   1.4761283234151698e-05   1.5046688052954785e-07
   1.4805647982120331e-05   1.5174411179734535e-07
   1.4928363839278682e-05   1.5205442275775805e-07
   1.4930914386596951e-05   1.5214289844623068e-07
   1.4933567364453664e-05   1.5230480276680163e-07
   1.4932843676485823e-05   1.5249015711282267e-07
   1.4937187083971493e-05   1.5253798284773148e-07
   1.4960999954779521e-05   1.5357785066729638e-07
   1.5221988523225999e-05   1.5431402218427179e-07
   1.5228124528178185e-05   1.5437559149186677e-07
   1.5233907221994599e-05   1.5455535871933788e-07
   1.5226646248731740e-05   1.5476460083537619e-07
   1.5233408586626468e-05   1.5481190700195567e-07
   1.5247675515326319e-05   1.5501124514972348e-07
   1.5327699904856495e-05   1.5970495932952824e-07
   1.5351732697902604e-05   1.5981873358126685e-07
   1.5357465313238917e-05   1.5998689182651626e-07
   1.5354874199207573e-05   1.6020607572085795e-07
   1.5366228647628990e-05   1.6029823425535092e-07
   1.5369432221225710e-05   1.6040286895176604e-07
   1.5422745030140624e-05   1.6163764192085942e-07
   1.5519702950491190e-05   1.6191834480985216e-07
   1.5523546747483151e-05   1.6200979253370301e-07
   1.5526354263515848e-05   1.6216251319902709e-07
   1.5529670238004223e-05   1.6233281740552809e-07
   1.5533118146226392e-05   1.6237558005290087e-07
   1.5558156015944239e-05   1.6344020012013481e-07
   1.5867105809761915e-05   1.6407486415879764e-07
   1.5872012388939592e-05   1.6413268322202842e-07
   1.5878494118921112e-05   1.6431131279952098e-07
   1.5868430865010816e-05   1.6451824847699050e-07
   1.5874846761640979e-05   1.6456322397492579e-07
   1.5888334341158960e-05   1.6479281424294692e-07
   1.5976040917788700e-05   1.6982820070111232e-07
   1.5996786906196129e-05   1.6992754338124479e-07
   1.6002299048996165e-05   1.7010211934820850e-07
   1.6000056996690417e-05   1.7030743121977058e-07
   1.6011472625142059e-05   1.7039255724448938e-07
   1.6015557537276195e-05   1.7051851742590218e-07
   1.6081981843075522e-05   1.7181566488067186e-07
   1.6177083488633465e-05   1.7206878413344312e-07
   1.6180011174283583e-05   1.7217586235700969e-07
   1.6181182861703305e-05   1.7233417146523666e-07
   1.6187302914488278e-05   1.7249156187670433e-07
   1.6189933312271872e-05   1.7254530372231344e-07
   1.6216298887040655e-05   1.7349727757470877e-07
   1.6583423561644661e-05   1.7405817455298615e-07
   1.6588008952986679e-05   1.7411928953487647e-07
   1.6594722094252323e-05   1.7429607852977817e-07
   1.6581758644147607e-05   1.7449945857673978e-07
   1.6587871667588894e-05   1.7453929537487953e-07
   1.6604377552467730e-05   1.7480258242622004e-07
   1.6741586536530954e-05   1.7767143256500542e-07
   1.6759377174851010e-05   1.7776385956248461e-07
   1.6764804749593303e-05   1.7793708506283479e-07
   1.6762695938362195e-05   1.7814149904694671e-07
   1.6774366345232144e-05   1.7822069453912476e-07
   1.6779289378859928e-05   1.7837183704768125e-07
   1.6841682840993896e-05   1.7993562479985768e-07
   1.6921913962907997e-05   1.8016339206009674e-07
   1.6924982221024759e-05   1.8028913632730896e-07
   1.6925429993906900e-05   1.8045544253396210e-07
   1.6936338586679691e-05   1.8060207245679250e-07
   1.6938295216872628e-05   1.8065526578782583e-07
   1.6966138844243597e-05   1.8161738065910517e-07
   1.7400554693190132e-05   1.8212334658548792e-07
   1.7404969224785551e-05   1.8218610028171607e-07
   1.7411681776638020e-05   1.8237102128622340e-07
   1.7395175509977556e-05   1.8254080612583982e-07
   1.7401037038890406e-05   1.8258285752975698e-07
   1.7420582874136197e-05   1.8288208915350282e-07
   1.7683238635410477e-05   1.8458854142650114e-07
   1.7698533467172040e-05   1.8467660295874277e-07
   1.7703940284612856e-05   1.8484481700939588e-07
   1.7701772410631616e-05   1.8505270559139586e-07
   1.7712809288533454e-05   1.8512618180175494e-07
   1.7718658798185610e-05   1.8527695393969357e-07
   1.7785311118737523e-05   1.8692560792071475e-07
   1.7851259620859034e-05   1.8713032773451550e-07
   1.7854673920926750e-05   1.8725097787304981e-07
   1.7854440650002905e-05   1.8740182991256859e-07
   1.7865433560542657e-05   1.8753944767350549e-07
   1.7867101205210957e-05   1.8759373960578352e-07
   1.7896739461130016e-05   1.8860463564551212e-07
   1.8396562501882046e-05   1.8906440387399248e-07
   1.8400883756190963e-05   1.8913221856687278e-07
   1.8407420373613864e-05   1.8931950570059107e-07
   1.8386189657951572e-05   1.8953291416900532e-07
   1.8391824294447566e-05   1.8956896106797801e-07
   1.8411706264763331e-05   1.8993537283880282e-07
   1.8524061654689832e-05   1.9109482769764062e-07
   1.8538147490176340e-05   1.9116898059684789e-07
   1.8543564383721820e-05   1.9133695507557533e-07
   1.8541159926621165e-05   1.9153863489392887e-07
   1.8551669482930904e-05   1.9160595568674943e-07
   1.8558341164419856e-05   1.9175272133803087e-07
   1.8628768974765617e-05   1.9381154879095398e-07
   1.8684180524723790e-05   1.9399413982417596e-07
   1.8688388882631495e-05   1.9411556534398855e-07
   1.8687485392964299e-05   1.9427640876785481e-07
   1.8697857434488239e-05   1.9441858338888930e-07
   1.8701145318306633e-05   1.9449371012249944e-07
   1.8733707748899470e-05   1.9565344245501930e-07
   1.9251208996892786e-05   1.9607290563394570e-07
   1.9255482441049273e-05   1.9613786157940752e-07
   1.9261691762980033e-05   1.9631914256507295e-07
   1.9233497628432504e-05   1.9651607132450521e-07
   1.9238918887920595e-05   1.9655322068740967e-07
   1.9259146864327977e-05   1.9701324832242708e-07
   1.9387977768441024e-05   1.9792884921993568e-07
   1.9399981021168294e-05   1.9799552538073053e-07
   1.9408033934216712e-05   1.9816436379956233e-07
   1.9403819691138835e-05   1.9835937192444475e-07
   1.9413731342100837e-05   1.9841957327876303e-07
   1.9421260241250576e-05   1.9856977041062158e-07
   1.9494182224491030e-05   2.0020921377792572e-07
   1.9541464613212359e-05   2.0036859166554927e-07
   1.9546397312504246e-05   2.0049484304957097e-07
   1.9544838287362189e-05   2.0067349539075550e-07
   1.9555831514311167e-05   2.0079936358769705e-07
   1.9558177137781472e-05   2.0086593450802277e-07
   1.9594076021893047e-05   2.0219033052839251e-07
   1.9839652144174719e-05   2.0257789965676728e-07
   1.9844059837387414e-05   2.0265645093108485e-07
   1.9849863687893400e-05   2.0283351447980373e-07
   1.9809411608943950e-05   2.0304149455231246e-07
   1.9814628479237887e-05   2.0308203283435355e-07
   1.9835415278676954e-05   2.0366380580009308e-07
   1.9984375143910094e-05   2.0445778396477494e-07
   1.9994458325520181e-05   2.0452686945221423e-07
   2.0002210764258886e-05   2.0469376239243709e-07
   1.9997269162298683e-05   2.0488443898435734e-07
   2.0006500526967676e-05   2.0494031448151182e-07
   2.0014921074437480e-05   2.0509881924811544e-07
   2.0088128452525446e-05   2.0649570467890128e-07
   2.0128826970827003e-05   2.0664063668616051e-07
   2.0134353336184849e-05   2.0678171130039062e-07
   2.0132516597583900e-05   2.0700283857931316e-07
   2.0143755917642202e-05   2.0711338006402461e-07
   2.0146088731913710e-05   2.0718296996438158e-07
   2.0180615006684102e-05   2.0903941805208541e-07
   2.0474060336580493e-05   2.0939038028878858e-07
   2.0477859877482451e-05   2.0948327033025894e-07
   2.0482847701075511e-05   2.0965766086569141e-07
   2.0463444472309730e-05   2.0986679152054221e-07
   2.0468457730401807e-05   2.0990471030800980e-07
   2.0489984359382146e-05   2.1063343590751321e-07
   2.0663820639508904e-05   2.1132463593614981e-07
   2.0672221982629877e-05   2.1138356922799015e-07
   2.0679536657672738e-05   2.1155693836441992e-07
   2.0673834641294795e-05   2.1174765200905783e-07
   2.0682374883134250e-05   2.1179794084660516e-07
   2.0691704457778009e-05   2.1196830926975031e-07
   2.0761971426776042e-05   2.1364515406124308e-07
   2.0797393540927410e-05   2.1377656418838063e-07
   2.0803396600745745e-05   2.1393155702725646e-07
   2.0800599514356742e-05   2.1414097623384185e-07
   2.0811801837884204e-05   2.1424293132588871e-07
   2.0813513519546173e-05   2.1432281407831981e-07
   2.0850492135336164e-05   2.1584702238595672e-07
   2.1277528732880605e-05   2.1616563059467450e-07
   2.1280771002946315e-05   2.1624947113356961e-07
   2.1284866571736564e-05   2.1641131784570864e-07
   2.1275965119620143e-05   2.1660130824889285e-07
   2.1280788344772749e-05   2.1665009423423552e-07
   2.1303213122242045e-05   2.1768935713891921e-07
   2.1508370344554880e-05   2.1846830396186987e-07
   2.1515381220564718e-05   2.1852899053200533e-07
   2.1522058121363789e-05   2.1870762495252057e-07
   2.1515688879566400e-05   2.1890995423952571e-07
   2.1523549493076980e-05   2.1895788252326333e-07
   2.1533754134763004e-05   2.1915006389672601e-07
   2.1597757671933376e-05   2.2244685928126621e-07
   2.1629036992099277e-05   2.2256143136019542e-07
   2.1635409000941180e-05   2.2272683679672167e-07
   2.1630178261167242e-05   2.2295120633507824e-07
   2.1642236376169933e-05   2.2304580871428548e-07
   2.1644361403498082e-05   2.2314830277288169e-07
   2.1686145353606140e-05   2.2437908162389626e-07
   2.2366621836267600e-05   2.2466774608081736e-07
   2.2369382099699485e-05   2.2475869456838223e-07
   2.2372517986889813e-05   2.2491190030120463e-07
   2.2369347704907674e-05   2.2508621907058480e-07
   2.2374258440254575e-05   2.2512632319470795e-07
   2.2397737691537477e-05   2.2623914325021338e-07
   2.2646023518361710e-05   2.2690082603733439e-07
   2.2652997053818156e-05   2.2695971411610099e-07
   2.2661477170036115e-05   2.2713917481728338e-07
   2.2652055510327521e-05   2.2734808506586716e-07
   2.2659301343858247e-05   2.2739449433389729e-07
   2.2670153740528580e-05   2.2761580400891025e-07
   2.2736945292465378e-05   2.3266436087986120e-07
   2.2764062947975379e-05   2.3276765217811884e-07
   2.2770095569038117e-05   2.3294072742181728e-07
   2.2766964865353757e-05   2.3314874269099797e-07
   2.2778629579011745e-05   2.3323559957607199e-07
   2.2781422129495351e-05   2.3335431886307729e-07
   2.2830263739336953e-05   2.3465502145059765e-07
   2.2952146906308536e-05   2.3491548113284844e-07
   2.2954853670269400e-05   2.3501713346360704e-07
   2.2956894376213038e-05   2.3517383910414986e-07
   2.2957542455356449e-05   2.3533456047720915e-07
   2.2961564052517962e-05   2.3538407507893780e-07
   2.2986170464214372e-05   2.3636553611084982e-07
   2.3276898054463502e-05   2.3694468907623552e-07
   2.3282310353453777e-05   2.3701500018408293e-07
   2.3288510803887142e-05   2.3719049585221082e-07
   2.3279762362097460e-05   2.3739441679234904e-07
   2.3286438888062253e-05   2.3743565128711737e-07
   2.3302110175739735e-05   2.3768913041282737e-07
   2.3367747540343369e-05   2.4139469000615532e-07
   2.3391540653687937e-05   2.4148582823224456e-07
   2.3397241544741002e-05   2.4166255619057549e-07
   2.3394588743437181e-05   2.4185141529557957e-07
   2.3406008949967733e-05   2.4193216132393277e-07
   2.3409595941067929e-05   2.4207624939125670e-07
   2.3468631896040497e-05   2.4352513689602194e-07
   2.3557600964331038e-05   2.4375978287943800e-07
   2.3562066851050495e-05   2.4388094811310032e-07
   2.3563165696749390e-05   2.4404484556860354e-07
   2.3567152808580622e-05   2.4419428578932676e-07
   2.3570341404563575e-05   2.4424808174172002e-07
   2.3596156204382188e-05   2.4520127247780552e-07
   2.3938421776181513e-05   2.4572143012371091e-07
   2.3943259624769286e-05   2.4578164569463018e-07
   2.3949887307498632e-05   2.4596505686445402e-07
   2.3938515138728156e-05   2.4613894837274310e-07
   2.3944913078269379e-05   2.4617678775346041e-07
   2.3959772075824435e-05   2.4646680970110725e-07
   2.4067373450553263e-05   2.4834985489223700e-07
   2.4087370682228620e-05   2.4843842011867869e-07
   2.4092923047571184e-05   2.4860738012839889e-07
   2.4090535564541007e-05   2.4881084574037912e-07
   2.4102089517475159e-05   2.4888590027317189e-07
   2.4107030683031736e-05   2.4903975836046682e-07
   2.4166850982095174e-05   2.5062183182803302e-07
   2.4262584777624049e-05   2.5083287836038821e-07
   2.4265561139063803e-05   2.5095591210102727e-07
   2.4266369444275629e-05   2.5110492498855996e-07
   2.4273033128742699e-05   2.5124492329523570e-07
   2.4275473223270283e-05   2.5129380376999032e-07
   2.4302596753062139e-05   2.5231447801313950e-07
   2.4706289676602465e-05   2.5278699233833267e-07
   2.4710880244890486e-05   2.5285519097864410e-07
   2.4717638274647491e-05   2.5304286770198164e-07
   2.4703333552045627e-05   2.5323689870873807e-07
   2.4709468282522822e-05   2.5327617724077087e-07
   2.4727192007541047e-05   2.5361871577801905e-07
   2.4796228619460925e-05   2.5490000935793518e-07
   2.4814448560823640e-05   2.5498681673996430e-07
   2.4819943982563918e-05   2.5515499354274336e-07
   2.4817632137622090e-05   2.5535890395094168e-07
   2.4829518281740742e-05   2.5542824008976863e-07
   2.4834539479298202e-05   2.5557502117011435e-07
   2.4899527091772566e-05   2.5748782842298281e-07
   2.4976875049079325e-05   2.5767662869928543e-07
   2.4980080390815066e-05   2.5779695132462956e-07
   2.4980181875009920e-05   2.5795442710292368e-07
   2.4991270569138741e-05   2.5810130345590900e-07
   2.4993124374258135e-05   2.5816873345239130e-07
   2.5021710270229855e-05   2.5925607993618552e-07
   2.5493915876773207e-05   2.5968617334444759e-07
   2.5498365150287495e-05   2.5975086128272179e-07
   2.5505064969075794e-05   2.5993520417707822e-07
   2.5487142982953963e-05   2.6010093572242758e-07
   2.5493045664198464e-05   2.6013747671271327e-07
   2.5512984668234098e-05   2.6056956951977725e-07
   2.5617275488881838e-05   2.6153530652934468e-07
   2.5632988203458992e-05   2.6160443591797308e-07
   2.5638469568090819e-05   2.6177322556093438e-07
   2.5636067149435856e-05   2.6196988795639583e-07
   2.5647135412638846e-05   2.6203205701091394e-07
   2.5653265150431172e-05   2.6218081560728385e-07
   2.5721868568626236e-05   2.6385989481596348e-07
   2.5786669828698665e-05   2.6402302111630006e-07
   2.5790264106266515e-05   2.6414865690529022e-07
   2.5789753209700794e-05   2.6432150312168806e-07
   2.5800608040681258e-05   2.6445176558038529e-07
   2.5802337625366366e-05   2.6452065462220873e-07
   2.5832739567322794e-05   2.6576933448646881e-07
   2.6366041729545923e-05   2.6616561579035584e-07
   2.6370411659555138e-05   2.6623812633100492e-07
   2.6376901835331069e-05   2.6641582852803773e-07
   2.6354157323973211e-05   2.6661398422409954e-07
   2.6359846468451209e-05   2.6665540075142529e-07
   2.6379921633493141e-05   2.6720307248350068e-07
   2.6498112740063178e-05   2.6802123485978203e-07
   2.6512147107121426e-05   2.6808316525277903e-07
   2.6519670324131619e-05   2.6825134538113141e-07
   2.6511694632771771e-05   2.6844287699765313e-07
   2.6522333549627223e-05   2.6849844955386705e-07
   2.6529263666112235e-05   2.6865403459047470e-07
   2.6601238767233969e-05   2.7005690475003213e-07
   2.6656446692187048e-05   2.7020575159070106e-07
   2.6660815790701667e-05   2.7034169190471961e-07
   2.6659587744436728e-05   2.7054698768064992e-07
   2.6669991213341222e-05   2.7066168091071513e-07
   2.6673271478332389e-05   2.7072934180344572e-07
   2.6707180457267890e-05   2.7238357969171841e-07
   2.6915297518394221e-05   2.7274437196277753e-07
   2.6919647089670507e-05   2.7283228243963568e-07
   2.6925800362562809e-05   2.7299739968644245e-07
   2.6895908909674391e-05   2.7323222895260946e-07
   2.6901392294400922e-05   2.7327042642806554e-07
   2.6921843605863830e-05   2.7395471016982299e-07
   2.7056602550377452e-05   2.7467023871519981e-07
   2.7068585882989902e-05   2.7472916526969943e-07
   2.7076701199019648e-05   2.7490035759357954e-07
   2.7072193223641786e-05   2.7509027667176490e-07
   2.7082161588686221e-05   2.7514165212524401e-07
   2.7089912501621679e-05   2.7530738654004284e-07
   2.7163954056902569e-05   2.7684593565356630e-07
   2.7211480221524731e-05   2.7698134115060249e-07
   2.7216528469946560e-05   2.7713298491216943e-07
   2.7214716164709256e-05   2.7734580927869790e-07
   2.7225776619845552e-05   2.7745013783425816e-07
   2.7228473072182140e-05   2.7752682027351941e-07
   2.7267698056865873e-05   2.7907873642162712e-07
   2.7526183611113666e-05   2.7940623232485320e-07
   2.7530609164562328e-05   2.7949667543109100e-07
   2.7536331680758368e-05   2.7966404579822263e-07
   2.7494496819670884e-05   2.7985903362586460e-07
   2.7499787057798982e-05   2.7989622595754431e-07
   2.7520803635609835e-05   2.8075593034746979e-07
   2.7675684629961564e-05   2.8139228169896547e-07
   2.7685846162025162e-05   2.8145344369771667e-07
   2.7693662965052831e-05   2.8163103506283291e-07
   2.7688453092187138e-05   2.8182833157767897e-07
   2.7697774100612200e-05   2.8187688656041310e-07
   2.7706382393763852e-05   2.8206231616860478e-07
   2.7780348695732372e-05   2.8464630706214866e-07
   2.7821657160475698e-05   2.8476536872599698e-07
   2.7827264166796310e-05   2.8492808080656830e-07
   2.7825158745068941e-05   2.8513253838699168e-07
   2.7836459724659324e-05   2.8522842876281800e-07
   2.7838753485798251e-05   2.8531714491377997e-07
   2.7873749148572802e-05   2.8655956538757316e-07
   2.8173623948632496e-05   2.8685654475618747e-07
   2.8177470543550628e-05   2.8694945613931024e-07
   2.8182403911637937e-05   2.8710307671032682e-07
   2.8161820282073457e-05   2.8728152111367772e-07
   2.8166916782346152e-05   2.8731962770740457e-07
   2.8188658700621454e-05   2.8849702707681169e-07
   2.8368143960945565e-05   2.8919294791632157e-07
   2.8376699564485971e-05   2.8925297569106466e-07
   2.8384093758374658e-05   2.8943281662509313e-07
   2.8378154268408505e-05   2.8965815133832982e-07
   2.8386818713488100e-05   2.8970445689071277e-07
   2.8396298073884887e-05   2.8991647850321912e-07
   2.8467186733361965e-05   2.9498794138350763e-07
   2.8503459030991747e-05   2.9509526102051726e-07
   2.8509518439821910e-05   2.9526660302978298e-07
   2.8506498890727098e-05   2.9547837202307473e-07
   2.8517784003245610e-05   2.9556708807342274e-07
   2.8519506112609032e-05   2.9567699744387308e-07
   2.8556912105501806e-05   2.9693718009882360e-07
   2.8982530087049438e-05   2.9720557091414673e-07
   2.8985844039701881e-05   2.9730004065834856e-07
   2.8989921699440176e-05   2.9745164560233354e-07
   2.8980024248451836e-05   2.9761596823606705e-07
   2.8984939582956705e-05   2.9766298950152908e-07
   2.9007548185687329e-05   2.9867057213127293e-07
   2.9217642300057652e-05   2.9926948069138818e-07
   2.9224850305187809e-05   2.9934020804602522e-07
   2.9231646718480965e-05   2.9951518585409273e-07
   2.9225055509029033e-05   2.9971985661511776e-07
   2.9233073542974265e-05   2.9976254288391693e-07
   2.9243393365694921e-05   3.0000648378796044e-07
   2.9308239595491801e-05   3.0498120875770661e-07
   2.9340527785206693e-05   3.0507330909341959e-07
   2.9346941817216961e-05   3.0524979700754639e-07
   2.9342937016936825e-05   3.0541045417144252e-07
   2.9357884266893361e-05   3.0549927937774737e-07
   2.9359982617655931e-05   3.0563752571562738e-07
   2.9401934875147536e-05   3.0706601708975316e-07
   3.0126947569001565e-05   3.0730767280905992e-07
   3.0129795658672461e-05   3.0742389664907381e-07
   3.0132961954778517e-05   3.0758558673487334e-07
   3.0128799286850065e-05   3.0773800685512682e-07
   3.0133896848260266e-05   3.0779201037585760e-07
   3.0157520426220188e-05   3.0874117832105363e-07
   3.0410210953207731e-05   3.0927649514122212e-07
   3.0417465550511584e-05   3.0933409471379462e-07
   3.0423252896897017e-05   3.0951559278156321e-07
   3.0416541668977482e-05   3.0971313172618344e-07
   3.0423962870198737e-05   3.0975111670885572e-07
   3.0434943894869682e-05   3.1003084546886786e-07
   3.0502473695897788e-05   3.1217972164309174e-07
   3.0530705400559329e-05   3.1226864760148555e-07
   3.0536910406016912e-05   3.1243910251870215e-07
   3.0533425763823192e-05   3.1264127678311965e-07
   3.0545217717241357e-05   3.1271794007125056e-07
   3.0547934492538491e-05   3.1287600931535937e-07
   3.0596412775513453e-05   3.1440718765236766e-07
   3.0732230705617157e-05   3.1462476930373996e-07
   3.0734880405105516e-05   3.1475226965722251e-07
   3.0737032792530492e-05   3.1489975581592503e-07
   3.0736657045411092e-05   3.1504228652787583e-07
   3.0740899614715208e-05   3.1509324330877136e-07
   3.0765589251876006e-05   3.1608261612746900e-07
   3.1058984811837480e-05   3.1656762879204818e-07
   3.1064762528178538e-05   3.1663393666942277e-07
   3.1070848838392925e-05   3.1682073651367881e-07
   3.1062340618716604e-05   3.1700431571033642e-07
   3.1069164796756641e-05   3.1704563378885230e-07
   3.1082751744916084e-05   3.1739475695455929e-07
   3.1162322920530103e-05   3.1866326294914017e-07
   3.1186669373619897e-05   3.1875150639261701e-07
   3.1192521358193795e-05   3.1891953362515272e-07
   3.1189541882079832e-05   3.1912599016701085e-07
   3.1201017905724553e-05   3.1919738307953447e-07
   3.1204477674365294e-05   3.1934467838580331e-07
   3.1262206125443428e-05   3.2113763815940031e-07
   3.1357990126689925e-05   3.2133289069608689e-07
   3.1361302165599982e-05   3.2145257109600887e-07
   3.1363312336359214e-05   3.2160718583097801e-07
   3.1366462201243869e-05   3.2174130476004831e-07
   3.1369898009362459e-05   3.2180013459579947e-07
   3.1395723620312251e-05   3.2284580801301196e-07
   3.1738178094681919e-05   3.2328729875259494e-07
   3.1743185489126646e-05   3.2335364699633429e-07
   3.1749773350734875e-05   3.2353961630453808e-07
   3.1738746149288202e-05   3.2373044559527546e-07
   3.1745322674607643e-05   3.2376765464611160e-07
   3.1759719215012218e-05   3.2417457773356844e-07
   3.1859241160632447e-05   3.2519928292525264e-07
   3.1880435456991293e-05   3.2527089864923739e-07
   3.1886100514802928e-05   3.2543958153135287e-07
   3.1883435499883137e-05   3.2563804468665938e-07
   3.1895054495049632e-05   3.2570222151880220e-07
   3.1900041156018768e-05   3.2584989475995061e-07
   3.1975908718128148e-05   3.2762278715046250e-07
   3.2070391852239062e-05   3.2779620270906827e-07
   3.2073446924537176e-05   3.2792006602049440e-07
   3.2074372051621490e-05   3.2808755367715915e-07
   3.2080161815476360e-05   3.2822326726758989e-07
   3.2082857284241326e-05   3.2829552980273829e-07
   3.2109900100781128e-05   3.2948829220894298e-07
   3.2510751000815164e-05   3.2989392027556012e-07
   3.2515473213320630e-05   3.2996040739139473e-07
   3.2522239587359715e-05   3.3013868834812395e-07
   3.2508535958216712e-05   3.3032948101180144e-07
   3.2514850423852413e-05   3.3036949444609914e-07
   3.2532002105991860e-05   3.3088042863200964e-07
   3.2690563661684751e-05   3.3173172090902349e-07
   3.2709058589217911e-05   3.3179479421829427e-07
   3.2714639691257957e-05   3.3196348943190842e-07
   3.2712111098308783e-05   3.3215618740992537e-07
   3.2723950447224631e-05   3.3221339016667115e-07
   3.2729026530131178e-05   3.3236660659644902e-07
   3.2793297387984392e-05   3.3397675178572020e-07
   3.2877945041290399e-05   3.3412843787573258e-07
   3.2881095895208887e-05   3.3426464394190666e-07
   3.2881328181444706e-05   3.3446006282859993e-07
   3.2889101284713069e-05   3.3457872130292221e-07
   3.2891169624000779e-05   3.3464512276819465e-07
   3.2919542336108383e-05   3.3614321044272283e-07
   3.3387119996836751e-05   3.3651419605951541e-07
   3.3391679942446550e-05   3.3660234052932010e-07
   3.3398438602036330e-05   3.3677917866969682e-07
   3.3381563997150927e-05   3.3701264803593246e-07
   3.3387653753983956e-05   3.3705157664344881e-07
   3.3407589772742959e-05   3.3769341506407688e-07
   3.3663639748239267e-05   3.3843588394808551e-07
   3.3679902368131715e-05   3.3850240520316970e-07
   3.3685454427208631e-05   3.3867059983727979e-07
   3.3682901584666455e-05   3.3886044730911582e-07
   3.3694280688640753e-05   3.3891535252230428e-07
   3.3700205194115286e-05   3.3907768316396303e-07
   3.3768351043076761e-05   3.4051800782038122e-07
   3.3839456835343344e-05   3.4065742432899237e-07
   3.3843116547592846e-05   3.4080540103800360e-07
   3.3842581837623727e-05   3.4102265375132723e-07
   3.3854294197115608e-05   3.4112933610069666e-07
   3.3855993390798935e-05   3.4120299401119679e-07
   3.3885908518173661e-05   3.4280696407159184e-07
   3.4421219137544890e-05   3.4314363004945680e-07
   3.4425684060661018e-05   3.4323621419802934e-07
   3.4432291262730336e-05   3.4340693043214722e-07
   3.4411404731288773e-05   3.4360732437468955e-07
   3.4417289971619652e-05   3.4364511299501271e-07
   3.4437419869585506e-05   3.4444665414682350e-07
   3.4552289615276833e-05   3.4510457696970784e-07
   3.4567380632832866e-05   3.4516487365954945e-07
   3.4572933857161380e-05   3.4534101801657075e-07
   3.4570208262899157e-05   3.4553477456416085e-07
   3.4581159988325322e-05   3.4558397296699950e-07
   3.4587828847852534e-05   3.4576308597007461e-07
   3.4659504893901354e-05   3.4781267512949080e-07
   3.4720334585323009e-05   3.4793765053397346e-07
   3.4724376079960876e-05   3.4809754484812529e-07
   3.4723324067967298e-05   3.4830332027000095e-07
   3.4733956822533213e-05   3.4840156772303430e-07
   3.4736179380941254e-05   3.4848678720663089e-07
   3.4768214209819821e-05   3.4975054733973887e-07
   3.5344264746956107e-05   3.5005604710443890e-07
   3.5348676205477830e-05   3.5015420428918462e-07
   3.5355008137208615e-05   3.5031993465513885e-07
   3.5328681790014037e-05   3.5050272239212522e-07
   3.5334373932193841e-05   3.5054493182154478e-07
   3.5354778952337448e-05   3.5160353984873757e-07
   3.5484409614305705e-05   3.5218742563741454e-07
   3.5497723208639679e-05   3.5224939872032998e-07
   3.5506061331998977e-05   3.5242934465868833e-07
   3.5501653980370249e-05   3.5264356113408422e-07
   3.5512111378862427e-05   3.5269052233843218e-07
   3.5519550008064832e-05   3.5289438607606378e-07
   3.5593834227410888e-05   3.5798873563815982e-07
   3.5646601336069552e-05   3.5810018090198445e-07
   3.5651344635608613e-05   3.5826958301443928e-07
   3.5649480179400809e-05   3.5848590784997962e-07
   3.5659431169601276e-05   3.5857674908772348e-07
   3.5662131781133530e-05   3.5868154564728302e-07
   3.5701543937846983e-05   3.5992174021628586e-07
   3.5936615149355150e-05   3.6019803487433687e-07
   3.5941015116898239e-05   3.6029035682585281e-07
   3.5946964084617177e-05   3.6044275260706856e-07
   3.5912483666882510e-05   3.6061085500322092e-07
   3.5917987960082777e-05   3.6065520545719432e-07
   3.5938847087750646e-05   3.6169672320738536e-07
   3.6085976017615948e-05   3.6231778997029059e-07
   3.6097442531398587e-05   3.6237561628509919e-07
   3.6105554498125402e-05   3.6255347569741012e-07
   3.6100522337854566e-05   3.6275943086027350e-07
   3.6110388490308070e-05   3.6280359342428722e-07
   3.6118622832692670e-05   3.6303831765641722e-07
   3.6193984479801294e-05   3.6803640565870061e-07
   3.6240081516865732e-05   3.6813190596016090e-07
   3.6245415705020065e-05   3.6830733173974940e-07
   3.6243273123952747e-05   3.6851160940939900e-07
   3.6254495719053692e-05   3.6859578866768952e-07
   3.6258262087823182e-05   3.6872583921885530e-07
   3.6296155012742557e-05   3.7004073336240062e-07
   3.6575844502264839e-05   3.7028981054890251e-07
   3.6580135636761404e-05   3.7040052738379972e-07
   3.6585557024701866e-05   3.7056010647538561e-07
   3.6538954806496693e-05   3.7071569099363620e-07
   3.6544281761390703e-05   3.7076961030601055e-07
   3.6565748101826051e-05   3.7171940522450625e-07
   3.6733996741948800e-05   3.7227097902405287e-07
   3.6743807531562558e-05   3.7232750604810835e-07
   3.6751596549504471e-05   3.7250640223254142e-07
   3.6745882108905588e-05   3.7270889812856915e-07
   3.6755135126031969e-05   3.7274799534838844e-07
   3.6764190890674581e-05   3.7301722139143189e-07
   3.6838382677838177e-05   3.7556684142898804e-07
   3.6878986419060320e-05   3.7565785788692182e-07
   3.6884812868021749e-05   3.7583145711111033e-07
   3.6882209435180912e-05   3.7603492843119816e-07
   3.6893608830914477e-05   3.7611323457705393e-07
   3.6895537785789755e-05   3.7626858210161162e-07
   3.6931500021442358e-05   3.7776298288203381e-07
   3.7264996910474596e-05   3.7799439715020724e-07
   3.7268753905223863e-05   3.7812290940486461e-07
   3.7273402081468157e-05   3.7826134458170645e-07
   3.7256281787928004e-05   3.7840662153558469e-07
   3.7261425713997604e-05   3.7845925439871329e-07
   3.7283632242849805e-05   3.7942922680514468e-07
   3.7477406184977967e-05   3.7992765852378624e-07
   3.7485756927444630e-05   3.7999177839292270e-07
   3.7493106999736425e-05   3.8017746311247609e-07
   3.7486706036255813e-05   3.8035160995482202e-07
   3.7495344348296967e-05   3.8039477510151774e-07
   3.7505222887349054e-05   3.8073062326665977e-07
   3.7575406574066384e-05   3.8209663100283869e-07
   3.7611531318414290e-05   3.8218564176936958e-07
   3.7617756769998652e-05   3.8235375780467686e-07
   3.7614139114379246e-05   3.8256584489779026e-07
   3.7625456489695118e-05   3.8263846086528282e-07
   3.7627240842831935e-05   3.8278790240027592e-07
   3.7666130968062026e-05   3.8448308439407650e-07
   3.8137708661501704e-05   3.8468438305259110e-07
   3.8140975620234107e-05   3.8480442114110971e-07
   3.8144799018172311e-05   3.8495644988888189e-07
   3.8135541610309132e-05   3.8509281696449960e-07
   3.8140519018387822e-05   3.8514404738913301e-07
   3.8163585019846823e-05   3.8619070627380400e-07
   3.8388811819371044e-05   3.8664461955262124e-07
   3.8395968251405473e-05   3.8671207726998467e-07
   3.8402708930019495e-05   3.8689903243704395e-07
   3.8395727727237291e-05   3.8712291370928895e-07
   3.8403765536620645e-05   3.8715868780239519e-07
   3.8414420840798802e-05   3.8753887123129608e-07
   3.8480378697566603e-05   3.8864537767148086e-07
   3.8512760879157735e-05   3.8871950416158318e-07
   3.8519297253532215e-05   3.8888807195260229e-07
   3.8513876966749872e-05   3.8908852423237723e-07
   3.8526206465511561e-05   3.8915474707208915e-07
   3.8528414097205440e-05   3.8930173064985040e-07
   3.8572006381860382e-05   3.9145906641788533e-07
   3.9224244716535911e-05   3.9163835569423593e-07
   3.9227089136087585e-05   3.9176061012108701e-07
   3.9230039209619833e-05   3.9192356944117018e-07
   3.9225933918612412e-05   3.9206336986403589e-07
   3.9231020954925435e-05   3.9214266427524229e-07
   3.9255077951483135e-05   3.9329669302497379e-07
   3.9522847433429262e-05   3.9371236822745726e-07
   3.9530186781070722e-05   3.9379198939844175e-07
   3.9539143555823589e-05   3.9397831975626890e-07
   3.9528832000849013e-05   3.9416845368700406e-07
   3.9536325864925927e-05   3.9420772561873929e-07
   3.9547548268336567e-05   3.9468632782922817e-07
   3.9616831794552420e-05   3.9557596724052076e-07
   3.9645358481900025e-05   3.9564133021380114e-07
   3.9651645044845476e-05   3.9581021081893947e-07
   3.9647898639283289e-05   3.9600433218039445e-07
   3.9659787764285384e-05   3.9606347517276430e-07
   3.9662597909474197e-05   3.9621466359706595e-07
   3.9712698715683200e-05   3.9783984780411129e-07
   3.9844796133275116e-05   3.9799660147383457e-07
   3.9847519524098193e-05   3.9813112610040738e-07
   3.9849500497887605e-05   3.9831757802516205e-07
   3.9848881040064460e-05   3.9844051013377367e-07
   3.9853166140573805e-05   3.9850666591926751e-07
   3.9878233693871356e-05   3.9988431940892692e-07
   4.0186497279069049e-05   4.0026750083995647e-07
   4.0192361588082919e-05   4.0034900165169824e-07
   4.0198501147002013e-05   4.0052574856491892e-07
   4.0189607266154291e-05   4.0074071791941068e-07
