   0.0000000000000000e+00   0.0000000000000000e+00
  -9.9706371029526300e-08  -9.3381075441656414e-13
  -1.1584704743172920e-07  -1.1235305220902436e-12
  -1.7489310388221942e-07  -1.7968211554059144e-12
  -3.0299323966920689e-07  -3.4458118866945164e-12
  -6.5342556799618916e-07  -7.1840593370009476e-12
  -8.8280653936785407e-07  -9.7648502781974567e-12
  -1.0263589134907247e-06  -1.1053634570157289e-11
  -1.0538191937629459e-06  -1.1354552389465644e-11
  -1.0868221024661496e-06  -1.1740798329211433e-11
  -1.2054620534499710e-06  -1.3122163620461758e-11
  -1.4408353635767196e-06  -1.6040109778597822e-11
  -1.7602881863799892e-06  -1.9473923233530310e-11
  -1.9321006655175421e-06  -2.1049979359415161e-11
  -1.9857133613575360e-06  -2.1593881847567498e-11
  -2.0041954644540875e-06  -2.1814329097431806e-11
  -2.0989146352061883e-06  -2.2882835708747107e-11
  -2.2519098658243825e-06  -2.5019852292404443e-11
  -2.6435271751456407e-06  -2.9015878892299507e-11
  -2.8284974883243741e-06  -3.0913127418118191e-11
  -2.9223375578007593e-06  -3.1801978585266344e-11
  -2.9381045775025462e-06  -3.1987185469817270e-11
  -3.0007387403992213e-06  -3.2701421648698159e-11
  -3.1290377368252105e-06  -3.4387436041033448e-11
  -3.4877984944559287e-06  -3.8198568982385217e-11
  -3.7077736293409649e-06  -4.0685053308113506e-11
  -3.8457393964269398e-06  -4.1934147343783423e-11
  -3.8711412620917769e-06  -4.2214510099364277e-11
  -3.9067285050278138e-06  -4.2629563941354309e-11
  -4.0264598178156238e-06  -4.4043693171735843e-11
  -4.2739066888365911e-06  -4.7069844875090305e-11
  -4.5788025593771191e-06  -5.0403273243494751e-11
  -4.7472044984893640e-06  -5.1946911941262719e-11
  -4.7967219469209187e-06  -5.2454878439987807e-11
  -4.8164205689215289e-06  -5.2688409624829236e-11
  -4.9143187410690889e-06  -5.3798610856990725e-11
  -5.0728788272085511e-06  -5.6013304346354265e-11
  -5.4569793964732473e-06  -5.9976478102539976e-11
  -5.6389016248580828e-06  -6.1824869551120598e-11
  -5.7269356550913343e-06  -6.2669013641686311e-11
  -5.7425031680178717e-06  -6.2851602069570467e-11
  -5.8088246248855701e-06  -6.3607654733621732e-11
  -5.9375519325746435e-06  -6.5333349841267818e-11
  -6.3033416371890624e-06  -6.9208001742676606e-11
  -6.5147915909406903e-06  -7.1604666640467940e-11
  -6.6469645248596297e-06  -7.2812905336193390e-11
  -6.6705074562892989e-06  -7.3074669687707428e-11
  -6.7088709707514849e-06  -7.3520330231766073e-11
  -6.8294440308307386e-06  -7.4966450365129833e-11
  -7.0893936450662498e-06  -7.8100780400228165e-11
  -7.3797775092005347e-06  -8.1330705408236281e-11
  -7.5444774783592133e-06  -8.2841811860877301e-11
  -7.5901060470080078e-06  -8.3315508246813164e-11
  -7.6112093919026126e-06  -8.3564040669753537e-11
  -7.7121262415564846e-06  -8.4715062655810192e-11
  -7.8772804282727180e-06  -8.7012842460779116e-11
  -8.2522664105817885e-06  -9.0931812643871290e-11
  -8.4313718381100406e-06  -9.2735146926987977e-11
  -8.5136899920865020e-06  -9.3535011983988947e-11
  -8.5292372477458215e-06  -9.3716880826891225e-11
  -8.5993228523924747e-06  -9.4515453081221723e-11
  -8.7288153054186114e-06  -9.6283999761852257e-11
  -9.1001214732566423e-06  -1.0021189206146225e-10
  -9.3039371310755419e-06  -1.0252360332224653e-10
  -9.4301400399038771e-06  -1.0368991060737132e-10
  -9.4520272161593023e-06  -1.0393506129531549e-10
  -9.4933583926208771e-06  -1.0441306640910503e-10
  -9.6145404163948140e-06  -1.0589066591886603e-10
  -9.8872280889333560e-06  -1.0913202860927257e-10
  -1.0163345022803504e-05  -1.1225653512216688e-10
  -1.0324026758146186e-05  -1.1373466578257219e-10
  -1.0365984583053352e-05  -1.1417585941368019e-10
  -1.0388688456177005e-05  -1.1444133292924652e-10
  -1.0492427619463677e-05  -1.1563217885372096e-10
  -1.0665249325137556e-05  -1.1801825662571819e-10
  -1.1029642394739365e-05  -1.2188233885698785e-10
  -1.1206071096497979e-05  -1.2364392767017646e-10
  -1.1282792668799784e-05  -1.2440015727602227e-10
  -1.1298504362590618e-05  -1.2458319738253149e-10
  -1.1372404400941498e-05  -1.2542479500745468e-10
  -1.1503116844874652e-05  -1.2723987217588134e-10
  -1.1878234910576014e-05  -1.3121004716759588e-10
  -1.2075292792943816e-05  -1.3344196190742674e-10
  -1.2195381620488791e-05  -1.3456538704506582e-10
  -1.2215819461543968e-05  -1.3479587433230800e-10
  -1.2260306560253576e-05  -1.3530787471363603e-10
  -1.2381895083333843e-05  -1.3681673220571067e-10
  -1.2667329708261838e-05  -1.4016278350632849e-10
  -1.2929616278026398e-05  -1.4318110434265174e-10
  -1.3085947907257489e-05  -1.4462554374580772e-10
  -1.3124463277900083e-05  -1.4503602810932159e-10
  -1.3148970765296264e-05  -1.4532035676802918e-10
  -1.3255301343576714e-05  -1.4654990524061440e-10
  -1.3436880869882541e-05  -1.4902915609470851e-10
  -1.3789362364691692e-05  -1.5282837625626988e-10
  -1.3963162924263465e-05  -1.5455102172004520e-10
  -1.4034435131275204e-05  -1.5526444257889238e-10
  -1.4050501800260892e-05  -1.5545054295445365e-10
  -1.4128235701624421e-05  -1.5633546833395545e-10
  -1.4260748966230332e-05  -1.5820122252138691e-10
  -1.4637812006357081e-05  -1.6220215014878248e-10
  -1.4828950141427058e-05  -1.6435954789013885e-10
  -1.4942817347577526e-05  -1.6543929269065283e-10
  -1.4962015197880101e-05  -1.6565706553901827e-10
  -1.5009840281931131e-05  -1.6620462645056122e-10
  -1.5131678477840196e-05  -1.6774487896810408e-10
  -1.5429613621608567e-05  -1.7119209153558523e-10
  -1.5678682646381623e-05  -1.7410453992134506e-10
  -1.5830326303179344e-05  -1.7551436085755379e-10
  -1.5865636062668300e-05  -1.7589601455057779e-10
  -1.5892156951813298e-05  -1.7620113321962366e-10
  -1.6000816716182432e-05  -1.7746820701360078e-10
  -1.6192228128780999e-05  -1.8004502923274490e-10
  -1.6531675847336505e-05  -1.8377036220887377e-10
  -1.6702807961190469e-05  -1.8545635177297931e-10
  -1.6768804334270208e-05  -1.8612795376141134e-10
  -1.6785422776558943e-05  -1.8631900818195934e-10
  -1.6866974932876167e-05  -1.8724737233834221e-10
  -1.7002000119745099e-05  -1.8916837313167484e-10
  -1.7379017110229883e-05  -1.9318808922377806e-10
  -1.7565012316265397e-05  -1.9527626922161839e-10
  -1.7672589460079316e-05  -1.9631171319610397e-10
  -1.7690759423205312e-05  -1.9651872555474792e-10
  -1.7742094789499824e-05  -1.9710332877561493e-10
  -1.7864088342981887e-05  -1.9867552568386682e-10
  -1.8173998915305307e-05  -2.0221914149697734e-10
  -1.8410618000101622e-05  -2.0502705902394197e-10
  -1.8557239524106379e-05  -2.0640117577314793e-10
  -1.8589587528352800e-05  -2.0675590178733522e-10
  -1.8618337409450941e-05  -2.0708372668563901e-10
  -1.8729038011333762e-05  -2.0838712439658069e-10
  -1.8931300620959087e-05  -2.1106532418092155e-10
  -1.9256820455106137e-05  -2.1470871402421571e-10
  -1.9425160325326363e-05  -2.1635982241918761e-10
  -1.9486078761462070e-05  -2.1699077842711467e-10
  -1.9503452445784322e-05  -2.1718867188654650e-10
  -1.9588768346678344e-05  -2.1816038201210447e-10
  -1.9727146346502607e-05  -2.2014155439970678e-10
  -2.0102048188293611e-05  -2.2416787176515740e-10
  -2.0283595669337269e-05  -2.2619204805614940e-10
  -2.0384855146069001e-05  -2.2718275698163648e-10
  -2.0402212074858365e-05  -2.2738091195063231e-10
  -2.0457216182669894e-05  -2.2800390514412378e-10
  -2.0579351272824529e-05  -2.2960904098173751e-10
  -2.0900417735258677e-05  -2.3324311741994980e-10
  -2.1125482261965753e-05  -2.3594877310642581e-10
  -2.1266760682298763e-05  -2.3728599879251078e-10
  -2.1296396360182815e-05  -2.3761573318768076e-10
  -2.1327595343494576e-05  -2.3796816416270933e-10
  -2.1440029820118879e-05  -2.3930668774721497e-10
  -2.1654065101191656e-05  -2.4208936060237524e-10
  -2.1965015794701305e-05  -2.4564383079711538e-10
  -2.2130364097617541e-05  -2.4726132122690481e-10
  -2.2186424631137267e-05  -2.4785293002010933e-10
  -2.2204764055197156e-05  -2.4805957440053594e-10
  -2.2293746995279053e-05  -2.4907433570069831e-10
  -2.2436442152272721e-05  -2.5112089187609432e-10
  -2.2807134178256519e-05  -2.5514154114100740e-10
  -2.2984830248174988e-05  -2.5710672588337424e-10
  -2.3079786160085125e-05  -2.5805247001742249e-10
  -2.3096547800531835e-05  -2.5824370690919612e-10
  -2.3155360722024155e-05  -2.5890631847637346e-10
  -2.3277722478476338e-05  -2.6054587469719753e-10
  -2.3608824455951638e-05  -2.6426334406338958e-10
  -2.3823326022370578e-05  -2.6686982007931292e-10
  -2.3958962536372252e-05  -2.6816891708549701e-10
  -2.3986139589989020e-05  -2.6847560752243232e-10
  -2.4020010573201633e-05  -2.6885451850922060e-10
  -2.4133863394163368e-05  -2.7022704570962147e-10
  -2.4360448625460908e-05  -2.7311644135510904e-10
  -2.4656458172586746e-05  -2.7657618697444347e-10
  -2.4818550287052760e-05  -2.7816086424232306e-10
  -2.4869992652813960e-05  -2.7871456217184315e-10
  -2.4889515600511557e-05  -2.7893186783749246e-10
  -2.4982024264964060e-05  -2.7998920033595748e-10
  -2.5130111184033712e-05  -2.8210652585659857e-10
  -2.5494530348724067e-05  -2.8610930378342170e-10
  -2.5668858966348691e-05  -2.8802019677674068e-10
  -2.5757567135600585e-05  -2.8892096083209945e-10
  -2.5773954415542785e-05  -2.8910717494046861e-10
  -2.5836692864419268e-05  -2.8981047076048760e-10
  -2.5959483451380640e-05  -2.9148644121231720e-10
  -2.6299204373674695e-05  -2.9527914087359303e-10
  -2.6504195932258864e-05  -2.9779020904990156e-10
  -2.6633922116553444e-05  -2.9904994583093703e-10
  -2.6658897396340006e-05  -2.9933556263024574e-10
  -2.6695663817160177e-05  -2.9974280631346606e-10
  -2.6810623644689217e-05  -3.0114833717009848e-10
  -2.7050344018352142e-05  -3.0414576705686119e-10
  -2.7331316551361417e-05  -3.0750615844909318e-10
  -2.7489834642130699e-05  -3.0905838890697701e-10
  -2.7536915705200999e-05  -3.0957571998512651e-10
  -2.7557847344053532e-05  -3.0980559990231166e-10
  -2.7653694626211898e-05  -3.1090482879164716e-10
  -2.7808337289024661e-05  -3.1309840527529720e-10
  -2.8164511779865458e-05  -3.1707141643147474e-10
  -2.8335835407941113e-05  -3.1893237410849512e-10
  -2.8418392567404471e-05  -3.1978833253329397e-10
  -2.8434630013252646e-05  -3.1997143693299201e-10
  -2.8501382047465662e-05  -3.2071633933664079e-10
  -2.8624937317366398e-05  -3.2243123448960631e-10
  -2.8971581325573919e-05  -3.2629001529751317e-10
  -2.9168140475455313e-05  -3.2871002892276985e-10
  -2.9291725502145313e-05  -3.2992920895313915e-10
  -2.9314758086286302e-05  -3.3019571907440259e-10
  -2.9354641100629551e-05  -3.3063310336117757e-10
  -2.9470416326645441e-05  -3.3207080997726263e-10
  -2.9723617714518045e-05  -3.3517652867597059e-10
  -2.9989730162573430e-05  -3.3843412772759096e-10
  -3.0144316645888344e-05  -3.3995388969143558e-10
  -3.0187307774724422e-05  -3.4043650548338383e-10
  -3.0209880526216022e-05  -3.4068088053309381e-10
  -3.0308833972053303e-05  -3.4182117835020176e-10
  -3.0471256603775948e-05  -3.4409641683306319e-10
  -3.0817365241747152e-05  -3.4802817940916830e-10
  -3.0985920344064498e-05  -3.4984311628183384e-10
  -3.1062462566987476e-05  -3.5065466730353073e-10
  -3.1078778822757618e-05  -3.5083653733905540e-10
  -3.1149598365098907e-05  -3.5162378759535928e-10
  -3.1274401820954628e-05  -3.5338064137240000e-10
  -3.1626023630048261e-05  -3.5729544453286244e-10
  -3.1815215641754432e-05  -3.5962918873335553e-10
  -3.1932472316347036e-05  -3.6080670840366730e-10
  -3.1953822817202269e-05  -3.6105607750542418e-10
  -3.1997037853387605e-05  -3.6152534080551718e-10
  -3.2113374825915269e-05  -3.6299462892984413e-10
  -3.2380119774323203e-05  -3.6620779173858475e-10
  -3.2631808086159327e-05  -3.6936036781204384e-10
  -3.2782079959875227e-05  -3.7084729883306300e-10
  -3.2821264419824134e-05  -3.7129693384544554e-10
  -3.2845717527282803e-05  -3.7155773846119650e-10
  -3.2947501831071457e-05  -3.7273812985780252e-10
  -3.3118951348071993e-05  -3.7510030422450297e-10
  -3.3453379905737748e-05  -3.7897992589182999e-10
  -3.3619277181930055e-05  -3.8075228495255964e-10
  -3.3689977633618640e-05  -3.8152001544979053e-10
  -3.3706606046903355e-05  -3.8170255400437475e-10
  -3.3781507423324151e-05  -3.8253271199533562e-10
  -3.3908200057613299e-05  -3.8433507006281620e-10
  -3.4262647785455666e-05  -3.8829514386815034e-10
  -3.4445489976308360e-05  -3.9054769336056838e-10
  -3.4556279463802725e-05  -3.9168256788998934e-10
  -3.4576209576456262e-05  -3.9191675642660795e-10
  -3.4622962232307229e-05  -3.9241958619228023e-10
  -3.4739665890363134e-05  -3.9392015831977295e-10
  -3.5019695690967519e-05  -3.9723874385201585e-10
  -3.5257630969663851e-05  -4.0028522944185463e-10
  -3.5403194470621613e-05  -4.0173868409449504e-10
  -3.5438864911805908e-05  -4.0215712910404017e-10
  -3.5465443623524024e-05  -4.0243627148165567e-10
  -3.5569745609564539e-05  -4.0365567193032664e-10
  -3.5751445978572042e-05  -4.0610977428134909e-10
  -3.6072837471131129e-05  -4.0992709790868553e-10
  -3.6236066709743127e-05  -4.1165982254953715e-10
  -3.6301132822584559e-05  -4.1238449948691885e-10
  -3.6318312051600949e-05  -4.1256960196280057e-10
  -3.6397264810221789e-05  -4.1344301907834252e-10
  -3.6526649272213842e-05  -4.1529489526112573e-10
  -3.6881619459566218e-05  -4.1928879747528403e-10
  -3.7059048483329207e-05  -4.2146540923070075e-10
  -3.7163283642002785e-05  -4.2255678947208941e-10
  -3.7182055941144482e-05  -4.2277774000860219e-10
  -3.7232537214847909e-05  -4.2331571538031798e-10
  -3.7349493614598195e-05  -4.2484759449606252e-10
  -3.7642199421847799e-05  -4.2826838039453086e-10
  -3.7867254885382679e-05  -4.3120878428278692e-10
  -3.8007719942852517e-05  -4.3262786983497975e-10
  -3.8040176051629745e-05  -4.3301696787696048e-10
  -3.8069130331737540e-05  -4.3331637453528082e-10
  -3.8175606840935080e-05  -4.3457360355669133e-10
  -3.8368706279671896e-05  -4.3712413875206246e-10
  -3.8676002403627177e-05  -4.4086986567947600e-10
  -3.8836441624394381e-05  -4.4256536933448554e-10
  -3.8896111811674301e-05  -4.4324794594256811e-10
  -3.8914086396368440e-05  -4.4343749202105376e-10
  -3.8997010738546262e-05  -4.4435432861467811e-10
  -3.9130048249396625e-05  -4.4626020272772043e-10
  -3.9483151450778881e-05  -4.5027611196915562e-10
  -3.9655994919377338e-05  -4.5238211603387118e-10
  -3.9753642215816236e-05  -4.5342934008180125e-10
  -3.9771520197399502e-05  -4.5363899843584715e-10
  -3.9825901076112873e-05  -4.5421363783874902e-10
  -3.9943101017156629e-05  -4.5577727377822674e-10
  -4.0247506908879763e-05  -4.5929584538851459e-10
  -4.0460717124491817e-05  -4.6213127411192517e-10
  -4.0595711108956808e-05  -4.6351495645163832e-10
  -4.0625257485230374e-05  -4.6387661864922408e-10
  -4.0656840162747883e-05  -4.6419823464694671e-10
  -4.0765129211270976e-05  -4.6549210579865941e-10
  -4.0970641833912498e-05  -4.6814307877278416e-10
  -4.1263113050365226e-05  -4.7180889349487248e-10
  -4.1420541418408661e-05  -4.7346908902193285e-10
  -4.1475081451653926e-05  -4.7411069352149698e-10
  -4.1494102280336428e-05  -4.7430659237419209e-10
  -4.1580865505622675e-05  -4.7526681787139757e-10
  -4.1718664020228935e-05  -4.7723152892583526e-10
  -4.2067498503156196e-05  -4.8125726602628316e-10
  -4.2236452129146968e-05  -4.8329790495148239e-10
  -4.2327532160277152e-05  -4.8430049619067883e-10
  -4.2344780513592817e-05  -4.8450079950627944e-10
  -4.2403205987061007e-05  -4.8511348443077557e-10
  -4.2520768646337002e-05  -4.8670975149461837e-10
  -4.2835529218242653e-05  -4.9032047757906205e-10
  -4.3038043521694891e-05  -4.9305295967989188e-10
  -4.3167223840616387e-05  -4.9440006938666209e-10
  -4.3194168154434746e-05  -4.9473623223335317e-10
  -4.3228632422765605e-05  -4.9508194917800841e-10
  -4.3338367903742055e-05  -4.9641126279031944e-10
  -4.3557112121237319e-05  -4.9916596138628588e-10
  -4.3834374400422097e-05  -5.0274460701264789e-10
  -4.3988488239136633e-05  -5.0437089628516812e-10
  -4.4038187418373885e-05  -5.0497278841071802e-10
  -4.4058512009549264e-05  -5.0517691744210447e-10
  -4.4148926444245306e-05  -5.0618029060790770e-10
  -4.4292718777744656e-05  -5.0820897436101159e-10
  -4.4634949098010680e-05  -5.1223229607585963e-10
  -4.4800560248720359e-05  -5.1421262679731544e-10
  -4.4885146945022002e-05  -5.1517029130056929e-10
  -4.4902032028852211e-05  -5.1536316848180969e-10
  -4.4964614649877313e-05  -5.1601515107298906e-10
  -4.5082809818936301e-05  -5.1764539746659843e-10
  -4.5406224346701703e-05  -5.2134149276274189e-10
  -4.5599256712423246e-05  -5.2397390376199282e-10
  -4.5722321874950623e-05  -5.2528321883155149e-10
  -4.5746973345383234e-05  -5.2559582098925250e-10
  -4.5784569531977237e-05  -5.2596752962100896e-10
  -4.5895399581910427e-05  -5.2733113275332810e-10
  -4.6127936252149295e-05  -5.3019204749194665e-10
  -4.6389953189515090e-05  -5.3367738581198282e-10
  -4.6540384303333268e-05  -5.3527069820806517e-10
  -4.6585551549767150e-05  -5.3583429555394135e-10
  -4.6607444057492216e-05  -5.3604858041549769e-10
  -4.6701266995247917e-05  -5.3709467472476402e-10
  -4.6852378012357640e-05  -5.3919269223101640e-10
  -4.7185814610308668e-05  -5.4320136496505134e-10
  -4.7348472817833342e-05  -5.4512619591939870e-10
  -4.7426691444409205e-05  -5.4603886516513267e-10
  -4.7443481928357775e-05  -5.4622622310679381e-10
  -4.7510295108190337e-05  -5.4691862692336779e-10
  -4.7629562331929489e-05  -5.4858470337985216e-10
  -4.7959606727560641e-05  -5.5235829690518379e-10
  -4.8144384572805477e-05  -5.5489423819721218e-10
  -4.8261083429213805e-05  -5.5616451374862486e-10
  -4.8283751656535122e-05  -5.5645551675590627e-10
  -4.8324723197081085e-05  -5.5685506759103193e-10
  -4.8436332139225311e-05  -5.5825192417976316e-10
  -4.8682906057929238e-05  -5.6122063235835434e-10
  -4.8929975897915828e-05  -5.6460771778385488e-10
  -4.9076311346672188e-05  -5.6616852308830068e-10
  -4.9117271343001505e-05  -5.6669532326296401e-10
  -4.9141002183775834e-05  -5.6692167030737012e-10
  -4.9237938407878628e-05  -5.6800985540495647e-10
  -4.9397740927115249e-05  -5.7018266746543950e-10
  -4.9720416485964862e-05  -5.7416469278689930e-10
  -4.9880351085044097e-05  -5.7603847896086496e-10
  -4.9952375192603520e-05  -5.7690627307867975e-10
  -4.9969342810868744e-05  -5.7709001086928696e-10
  -5.0040414115101099e-05  -5.7782379293651320e-10
  -5.0161376778342314e-05  -5.7952808155646574e-10
  -5.0495753537555769e-05  -5.8337026203648945e-10
  -5.0673468003901469e-05  -5.8581394693935779e-10
  -5.0783606957633450e-05  -5.8704397842401085e-10
  -5.0804601126689926e-05  -5.8731535303516158e-10
  -5.0849179701873228e-05  -5.8774456146177406e-10
  -5.0961313206161936e-05  -5.8917379276105658e-10
  -5.1221801960368071e-05  -5.9225082867445100e-10
  -5.1454529965439194e-05  -5.9553592775523495e-10
  -5.1596332410221472e-05  -5.9706430739162736e-10
  -5.1633421905582884e-05  -5.9755594873298068e-10
  -5.1659266896153305e-05  -5.9779628556327902e-10
  -5.1758974366405703e-05  -5.9892577410156772e-10
  -5.1928834156124892e-05  -6.0117883306058661e-10
  -5.2239072337973000e-05  -6.0512260610309787e-10
  -5.2396357031178186e-05  -6.0694937010358219e-10
  -5.2462404536035014e-05  -6.0777262909927909e-10
  -5.2479824886579368e-05  -6.0795463487691576e-10
  -5.2555129684305694e-05  -6.0873058449397582e-10
  -5.2678601925432199e-05  -6.1047597662775011e-10
  -5.3014807064243768e-05  -6.1437694309166707e-10
  -5.3186567215949328e-05  -6.1673304755250485e-10
  -5.3290015301428418e-05  -6.1792170306333022e-10
  -5.3309643759638723e-05  -6.1817541894843703e-10
  -5.3358043587232388e-05  -6.1863605742024791e-10
  -5.3470536351585989e-05  -6.2009700347621932e-10
  -5.3744410746727096e-05  -6.2328181190448445e-10
  -5.3963668258425889e-05  -6.2646235822558932e-10
  -5.4100496024052304e-05  -6.2795803279502849e-10
  -5.4134060408935294e-05  -6.2841622508989781e-10
  -5.4162299299001884e-05  -6.2867247020183259e-10
  -5.4264398559426504e-05  -6.2984232131017837e-10
  -5.4445609677308880e-05  -6.3218094214362308e-10
  -5.4742082046156746e-05  -6.3607538658937146e-10
  -5.4896645847444289e-05  -6.3785871354769819e-10
  -5.4956974437943306e-05  -6.3863797583607607e-10
  -5.4975127745048448e-05  -6.3882014923136859e-10
  -5.5054583657845272e-05  -6.3963887485252169e-10
  -5.5181567949252907e-05  -6.4142878400223757e-10
  -5.5516972643094675e-05  -6.4537792167709829e-10
  -5.5683765760863250e-05  -6.4765147259927824e-10
  -5.5780457573395797e-05  -6.4879773016730813e-10
  -5.5799027771496405e-05  -6.4903573444505258e-10
  -5.5851439094133874e-05  -6.4952949572691376e-10
  -5.5964243964155662e-05  -6.5102177002149958e-10
  -5.6250544113156155e-05  -6.5431266362079438e-10
  -5.6457416496479115e-05  -6.5738729358114784e-10
  -5.6588842563317396e-05  -6.5884968411967365e-10
  -5.6619232805214391e-05  -6.5927620079755250e-10
  -5.6650147088017542e-05  -6.5955027507211272e-10
  -5.6754234871826963e-05  -6.6075943479758370e-10
  -5.6947947579840991e-05  -6.6318868842743517e-10
  -5.7229715047436359e-05  -6.6702345003725322e-10
  -5.7381358752969238e-05  -6.6876641182343766e-10
  -5.7436260829295076e-05  -6.6950240468731381e-10
  -5.7455432572261632e-05  -6.6968663860883515e-10
  -5.7538895264677649e-05  -6.7054855830243898e-10
  -5.7670568632310409e-05  -6.7238688531909285e-10
  -5.8002512003899433e-05  -6.7637294625787908e-10
  -5.8165171753857010e-05  -6.7856916223171804e-10
  -5.8255108304911918e-05  -6.7967214321951186e-10
  -5.8272927072184862e-05  -6.7989639656110268e-10
  -5.8329508943283381e-05  -6.8042490847415593e-10
  -5.8442725964038687e-05  -6.8194846145931687e-10
  -5.8740056640157893e-05  -6.8534252849628691e-10
  -5.8935783012070198e-05  -6.8831098091158560e-10
  -5.9061412253598184e-05  -6.8973926656973328e-10
  -5.9088982267047486e-05  -6.9013595933951205e-10
  -5.9122852156142085e-05  -6.9042980902801754e-10
  -5.9228519518325152e-05  -6.9167712161109784e-10
  -5.9435664023013051e-05  -6.9420168138240035e-10
  -5.9702199995177122e-05  -6.9796723424758039e-10
  -5.9850617092389521e-05  -6.9967239424081895e-10
  -5.9900414447816878e-05  -7.0036602515741175e-10
  -5.9920895743734376e-05  -7.0055420470747920e-10
  -6.0008156685887150e-05  -7.0145952664035088e-10
  -6.0145843884773205e-05  -7.0335062871563353e-10
  -6.0471732257442166e-05  -7.0736186298572118e-10
  -6.0630916009554714e-05  -7.0948606570916256e-10
  -6.0714163657302948e-05  -7.1054504641177019e-10
  -6.0731537765837406e-05  -7.1075751534310783e-10
  -6.0792410313923785e-05  -7.1132228503679312e-10
  -6.0906313777157851e-05  -7.1287743460060615e-10
  -6.1212861758246626e-05  -7.1637058101942791e-10
  -6.1398769914887050e-05  -7.1923366633079577e-10
  -6.1518254028301313e-05  -7.2062684096894924e-10
  -6.1543358534144976e-05  -7.2099559460768459e-10
  -6.1580459008345699e-05  -7.2131113029120369e-10
  -6.1687314091960659e-05  -7.2259540744631229e-10
  -6.1908524323764477e-05  -7.2521940959035386e-10
  -6.2159717832336594e-05  -7.2890714698879006e-10
  -6.2304518596617803e-05  -7.3057654153760310e-10
  -6.2349557041556174e-05  -7.3122888028919614e-10
  -6.2371644656162087e-05  -7.3142291355521305e-10
  -6.2462431561409004e-05  -7.3237164911147540e-10
  -6.2607564110647739e-05  -7.3432027949613121e-10
  -6.2924971174074980e-05  -7.3834459986960033e-10
  -6.3081147171154700e-05  -7.4040206051676632e-10
  -6.3157834839812073e-05  -7.4141651628875649e-10
  -6.3175071794391129e-05  -7.4161911551087756e-10
  -6.3240308239526999e-05  -7.4222158237199909e-10
  -6.3355369392226191e-05  -7.4380909038333082e-10
  -6.3668944275477811e-05  -7.4739600153337499e-10
  -6.3846384505848817e-05  -7.5015552168482269e-10
  -6.3959434231781217e-05  -7.5151244103600912e-10
  -6.3982427139931632e-05  -7.5185516645003003e-10
  -6.4023022983106649e-05  -7.5219430727482828e-10
  -6.4130718214850519e-05  -7.5351433805655871e-10
  -6.4366260660852820e-05  -7.5624127478853692e-10
  -6.4602399059016601e-05  -7.5984365804568355e-10
  -6.4743136508337484e-05  -7.6147882519927296e-10
  -6.4783780624978185e-05  -7.6209111341419417e-10
  -6.4807776473814124e-05  -7.6229287595749873e-10
  -6.4901757157065961e-05  -7.6328485220690523e-10
  -6.5055817977540255e-05  -7.6529606870406885e-10
  -6.5362579814235106e-05  -7.6932122196164687e-10
  -6.5516024295918739e-05  -7.7131705959309488e-10
  -6.5586339246371031e-05  -7.7228664479081499e-10
  -6.5603748217830699e-05  -7.7248130830355477e-10
  -6.5673367021811902e-05  -7.7312276199059671e-10
  -6.5790269788532476e-05  -7.7474384134641749e-10
  -6.6108368190481357e-05  -7.7841803586709696e-10
  -6.6278649673315489e-05  -7.8107663978137232e-10
  -6.6385044057252931e-05  -7.8239608964757873e-10
  -6.6406277385848531e-05  -7.8271474794177481e-10
  -6.6450617186064153e-05  -7.8307937695018537e-10
  -6.6558880297431611e-05  -7.8443399443173939e-10
  -6.6808593420178842e-05  -7.8726658081073458e-10
  -6.7030325593301927e-05  -7.9077717572879902e-10
  -6.7166521974016649e-05  -7.9237916206752190e-10
  -6.7203150170122973e-05  -7.9295275890161471e-10
  -6.7229360163855855e-05  -7.9316416282115831e-10
  -6.7326150563100221e-05  -7.9419898305413406e-10
  -6.7490605040412756e-05  -7.9627809825445067e-10
  -6.7784903920303286e-05  -8.0029182835793938e-10
  -6.7935707730412557e-05  -8.0223092155818493e-10
  -6.7999890177691065e-05  -8.0315551171522559e-10
  -6.8017782978624451e-05  -8.0334414272707766e-10
  -6.8091740629657750e-05  -8.0402573509642805e-10
  -6.8211387531530183e-05  -8.0568210599190476e-10
  -6.8531278810992290e-05  -8.0943597787971888e-10
  -6.8695612036279911e-05  -8.1199710074298520e-10
  -6.8795204639192928e-05  -8.1327783917062302e-10
  -6.8815027960499812e-05  -8.1357436803111693e-10
  -6.8863337087249289e-05  -8.1396635525504690e-10
  -6.8972004876739898e-05  -8.1535449225622614e-10
  -6.9235254772835109e-05  -8.1829452838310529e-10
  -6.9443537155118649e-05  -8.2170807820785424e-10
  -6.9574709711006687e-05  -8.2327747473031482e-10
  -6.9607709717470299e-05  -8.2381388418883289e-10
  -6.9636441802068978e-05  -8.2403684754667889e-10
  -6.9735618839146399e-05  -8.2511394483390788e-10
  -6.9911834405913804e-05  -8.2726639340918728e-10
  -7.0192265719078314e-05  -8.3125661150436347e-10
  -7.0340349410339374e-05  -8.3314351023624361e-10
  -7.0398686301181357e-05  -8.3402317203103843e-10
  -7.0417378283513807e-05  -8.3420767787046463e-10
  -7.0495563340314943e-05  -8.3493041007440955e-10
  -7.0619068832631499e-05  -8.3662430748390054e-10
  -7.0937898630565714e-05  -8.4044922594745525e-10
  -7.1097346791832989e-05  -8.4291692386846001e-10
  -7.1190068902358375e-05  -8.4415773665951627e-10
  -7.1208829282918174e-05  -8.4443412407941149e-10
  -7.1261301933552251e-05  -8.4485529900160672e-10
  -7.1370355141602720e-05  -8.4627602343380348e-10
  -7.1646012721900327e-05  -8.4932434999893114e-10
  -7.1842041592149505e-05  -8.5263678365962714e-10
  -7.1967726512092169e-05  -8.5417377272863082e-10
  -7.1997491441523241e-05  -8.5467456755524557e-10
  -7.2029052688358380e-05  -8.5491100635347317e-10
  -7.2130172496342895e-05  -8.5602963096915313e-10
  -7.2319330209140681e-05  -8.5826089052561116e-10
  -7.2584947870821975e-05  -8.6221589514368785e-10
  -7.2730083901976529e-05  -8.6405475222678385e-10
  -7.2782902168489947e-05  -8.6488976505823267e-10
  -7.2802712903875864e-05  -8.6507204351271572e-10
  -7.2884942044409767e-05  -8.6583675483215689e-10
  -7.3013610804111419e-05  -8.6757093848387201e-10
  -7.3328516959733484e-05  -8.7145732101910622e-10
  -7.3483958573074216e-05  -8.7383615295956452e-10
  -7.3569819601521200e-05  -8.7503588034297530e-10
  -7.3587861980396036e-05  -8.7529407333253317e-10
  -7.3644652479523632e-05  -8.7574620732250308e-10
  -7.3754249575176591e-05  -8.7719879732391093e-10
  -7.4040693624900778e-05  -8.8035516441868633e-10
  -7.4225828074891997e-05  -8.8356361029745534e-10
  -7.4345601707613985e-05  -8.8506799534714825e-10
  -7.4372526761333079e-05  -8.8553488261818025e-10
  -7.4407219376800113e-05  -8.8578672554403409e-10
  -7.4509841172996547e-05  -8.8694597738352143e-10
  -7.4712844129523441e-05  -8.8926141071036385e-10
  -7.4963181200482455e-05  -8.9316994902541302e-10
  -7.5105021521042117e-05  -8.9496446907012805e-10
  -7.5152681116207910e-05  -8.9575533308069305e-10
  -7.5173934702727320e-05  -8.9593728811766804e-10
  -7.5259951626115466e-05  -8.9674462484552048e-10
  -7.5395239951311444e-05  -8.9852237358366976e-10
  -7.5703473918060330e-05  -9.0245981466865327e-10
  -7.5855578100772112e-05  -9.0475474529873312e-10
  -7.5934663441084725e-05  -9.0591233061106113e-10
  -7.5952331366217296e-05  -9.0615431944020969e-10
  -7.6013545015264899e-05  -9.0663914158357894e-10
  -7.6124052142044539e-05  -9.0812313376618936e-10
  -7.6419201139206082e-05  -9.1138613149410741e-10
  -7.6594881681854294e-05  -9.1448889541663470e-10
  -7.6708378332090684e-05  -9.1596017977400163e-10
  -7.6732858211556382e-05  -9.1639492912423681e-10
  -7.6770974363565348e-05  -9.1666409901026980e-10
  -7.6874689885722005e-05  -9.1786294840676130e-10
  -7.7092074536182632e-05  -9.2026770839165328e-10
  -7.7327137546297729e-05  -9.2411925702896858e-10
  -7.7465244696591092e-05  -9.2587264190115842e-10
  -7.7508131695488286e-05  -9.2662001899626589e-10
  -7.7531156519322934e-05  -9.2680352661075188e-10
  -7.7620634618971989e-05  -9.2765396601281191e-10
  -7.7764094081789691e-05  -9.2947905546304083e-10
  -7.8063140010381938e-05  -9.3345646696215562e-10
  -7.8212354967774551e-05  -9.3567265903576197e-10
  -7.8284821694345403e-05  -9.3678718092200103e-10
  -7.8302458312916302e-05  -9.3701490338528315e-10
  -7.8368142219757285e-05  -9.3753404529790113e-10
  -7.8480156085003667e-05  -9.3904929058391540e-10
  -7.8781529679540399e-05  -9.4241637150355162e-10
  -7.8949197641279786e-05  -9.4541292015078854e-10
  -7.9056123502915668e-05  -9.4685033717647332e-10
  -7.9078550549412595e-05  -9.4725475206780541e-10
  -7.9120365952620761e-05  -9.4754317120446935e-10
  -7.9224833895606890e-05  -9.4878049123822694e-10
  -7.9456691177935462e-05  -9.5127935390015850e-10
  -7.9676928570235502e-05  -9.5506412110465955e-10
  -7.9810808389933915e-05  -9.5677907697294673e-10
  -7.9849328409815402e-05  -9.5748383614063792e-10
  -7.9874456180092359e-05  -9.5767079357801654e-10
  -7.9967005921044161e-05  -9.5856460312696012e-10
  -8.0120209736020528e-05  -9.6044127165240134e-10
  -8.0407893061858193e-05  -9.6444700923431492e-10
  -8.0554447458974754e-05  -9.6658978607569446e-10
  -8.0620518279530672e-05  -9.6766048429328122e-10
  -8.0638467453918628e-05  -9.6787589217144782e-10
  -8.0708601920923505e-05  -9.6843091445392160e-10
  -8.0822962118670357e-05  -9.6997763889949268e-10
  -8.1127770835045978e-05  -9.7344499269073209e-10
  -8.1288793446887076e-05  -9.7633586350169554e-10
  -8.1388936468608226e-05  -9.7773844912312641e-10
  -8.1409699522529101e-05  -9.7811442213886768e-10
  -8.1455465788702502e-05  -9.7842402235759351e-10
  -8.1560450085670284e-05  -9.7969861921360507e-10
  -8.1806363685723324e-05  -9.8229588981098293e-10
  -8.2012610732927135e-05  -9.8600502827610181e-10
  -8.2141744860361743e-05  -9.8768373232686890e-10
  -8.2176317014746858e-05  -9.8834689868029790e-10
  -8.2203880885728061e-05  -9.8853918518819472e-10
  -8.2299062755826339e-05  -9.8947642820142873e-10
  -8.2463516935772250e-05  -9.9140931911472635e-10
  -8.2738094695240588e-05  -9.9543135821840434e-10
  -8.2882010799616515e-05  -9.9750600130159989e-10
  -8.2941966713933734e-05  -9.9853229710341468e-10
  -8.2960574111116156e-05  -9.9873732428788081e-10
  -8.3035065316507757e-05  -9.9932967261538719e-10
  -8.3152852538378400e-05  -1.0009085052746156e-09
  -8.3458111759374283e-05  -1.0044711579431514e-09
  -8.3613717253802535e-05  -1.0072579032785120e-09
  -8.3706952957064782e-05  -1.0086245474895048e-09
  -8.3726436895780897e-05  -1.0089739802118455e-09
  -8.3776372743573128e-05  -1.0093066770810316e-09
  -8.3881782851832030e-05  -1.0106173482706676e-09
  -8.4140791608718914e-05  -1.0133167042004204e-09
  -8.4334195908808581e-05  -1.0169423851191101e-09
  -8.4458072448090208e-05  -1.0185864990006066e-09
  -8.4489124007443566e-05  -1.0192092714505357e-09
  -8.4519455607574585e-05  -1.0194088063920567e-09
  -8.4616799345138126e-05  -1.0203893564516078e-09
  -8.4793842509682462e-05  -1.0223834707437027e-09
  -8.5054068729925874e-05  -1.0264095945790655e-09
  -8.5195185559114230e-05  -1.0284212789094666e-09
  -8.5249357677503849e-05  -1.0294027715743864e-09
  -8.5268971656965930e-05  -1.0295993546670726e-09
  -8.5347646517447320e-05  -1.0302303615240815e-09
  -8.5470163416724414e-05  -1.0318423929959325e-09
  -8.5772825287198625e-05  -1.0354941427969180e-09
  -8.5924051389532413e-05  -1.0381791927874251e-09
  -8.6010344855489513e-05  -1.0395086944003928e-09
  -8.6028930736698850e-05  -1.0398335385016638e-09
  -8.6083212268448840e-05  -1.0401912301340535e-09
  -8.6189142888599632e-05  -1.0415367897569777e-09
  -8.6459733333872136e-05  -1.0443411465471675e-09
  -8.6641666394294767e-05  -1.0478766407102241e-09
  -8.6759807402404430e-05  -1.0494873428417914e-09
  -8.6787769288441550e-05  -1.0500710510537650e-09
  -8.6821194493990792e-05  -1.0502797197480679e-09
  -8.6920225000495924e-05  -1.0513032335955283e-09
  -8.7110922519623190e-05  -1.0533638236838450e-09
  -8.7356083811074205e-05  -1.0573817643948907e-09
  -8.7494088044831543e-05  -1.0593354419574999e-09
  -8.7542849003765264e-05  -1.0602719577963368e-09
  -8.7563821108174430e-05  -1.0604620108477583e-09
  -8.7646425343618976e-05  -1.0611328568220155e-09
  -8.7775157548017390e-05  -1.0627796782815974e-09
  -8.8072252379591258e-05  -1.0665132343891034e-09
  -8.8219910446954701e-05  -1.0690998274382260e-09
  -8.8299314850330611e-05  -1.0703909478606069e-09
  -8.8317380556176281e-05  -1.0706931569647027e-09
  -8.8376130949087439e-05  -1.0710777172953309e-09
  -8.8482897892052455e-05  -1.0724570673800032e-09
  -8.8763031106843288e-05  -1.0753684952062581e-09
  -8.8934992443668790e-05  -1.0788082054199663e-09
  -8.9046977217677506e-05  -1.0803862072550699e-09
  -8.9072280411448175e-05  -1.0809323130588772e-09
  -8.9109113737374530e-05  -1.0811520222923227e-09
  -8.9209383643609047e-05  -1.0822179792938091e-09
  -8.9414423432589943e-05  -1.0843504582745342e-09
  -8.9644342212751894e-05  -1.0883480704116863e-09
  -8.9778804356088727e-05  -1.0902483789897166e-09
  -8.9822559733854842e-05  -1.0911399270013486e-09
  -8.9845244569717523e-05  -1.0913253453053232e-09
  -8.9931445081123395e-05  -1.0920370842413402e-09
  -9.0068001042455624e-05  -1.0937207902588300e-09
  -9.0356778371876488e-05  -1.0975277801384201e-09
  -9.0501434191603779e-05  -1.1000198123266650e-09
  -9.0574086380401154e-05  -1.1012713229405571e-09
  -9.0592007626707387e-05  -1.1015528597786706e-09
  -9.0655286750032660e-05  -1.1019661265302197e-09
  -9.0763455059514266e-05  -1.1033782919452062e-09
  -9.1050629529828403e-05  -1.1063978933327154e-09
  -9.1214150056235772e-05  -1.1097374496117987e-09
  -9.1319633552621685e-05  -1.1112830316335406e-09
  -9.1342706449683698e-05  -1.1117931046286667e-09
  -9.1383243986482442e-05  -1.1120257817874568e-09
  -9.1484372246622815e-05  -1.1131334820904670e-09
  -9.1703970743366766e-05  -1.1153433270277152e-09
  -9.1918976115239713e-05  -1.1193087793431866e-09
  -9.2049389326778470e-05  -1.1211599929700222e-09
  -9.2088569414145870e-05  -1.1220068041979323e-09
  -9.2113323698345801e-05  -1.1221894871682458e-09
  -9.2202716390951927e-05  -1.1229429994381868e-09
  -9.2348746409029166e-05  -1.1246662032660809e-09
  -9.2626805283802210e-05  -1.1285372865160390e-09
  -9.2768776310696082e-05  -1.1309392062164997e-09
  -9.2834890009923317e-05  -1.1321499257836362e-09
  -9.2853041554627795e-05  -1.1324127535206410e-09
  -9.2920836208120351e-05  -1.1328565043509931e-09
  -9.3031236254332650e-05  -1.1343007007844422e-09
  -9.3322585379184157e-05  -1.1374285142223828e-09
  -9.3479136616260612e-05  -1.1406647238082837e-09
  -9.3577862683278453e-05  -1.1421777869205854e-09
  -9.3599129383346738e-05  -1.1426534908152639e-09
  -9.3643640290155936e-05  -1.1429010555877653e-09
  -9.3745355438172823e-05  -1.1440496371431519e-09
  -9.3979182849650842e-05  -1.1463422474721624e-09
  -9.4180051787018436e-05  -1.1502641770935046e-09
  -9.4305870901795924e-05  -1.1520701076071435e-09
  -9.4340923125111990e-05  -1.1528726151900995e-09
  -9.4368103670536187e-05  -1.1530544678783894e-09
  -9.4460227773769667e-05  -1.1538504543105385e-09
  -9.4617324568003244e-05  -1.1556163060982491e-09
  -9.4882723040312319e-05  -1.1595412672572858e-09
  -9.5022090734854525e-05  -1.1618579333219983e-09
  -9.5081947991226758e-05  -1.1630267798086111e-09
  -9.5100704847272054e-05  -1.1632728632356842e-09
  -9.5172920509074268e-05  -1.1637488602986301e-09
  -9.5286647713186941e-05  -1.1652245579009401e-09
  -9.5579067350090390e-05  -1.1684595068849751e-09
  -9.5729982205856488e-05  -1.1715903731109728e-09
  -9.5821791633129657e-05  -1.1730704978360137e-09
  -9.5841671106995489e-05  -1.1735135783041625e-09
  -9.5890387782165216e-05  -1.1737779585102581e-09
  -9.5992573629627670e-05  -1.1749664198404744e-09
  -9.6239707223740696e-05  -1.1773470244514847e-09
  -9.6427581104910939e-05  -1.1812146612395769e-09
  -9.6548259651922858e-05  -1.1829786640289025e-09
  -9.6579641882171775e-05  -1.1837374976715262e-09
  -9.6609602305370234e-05  -1.1839204088663971e-09
  -9.6703962027154023e-05  -1.1847593893356961e-09
  -9.6873547508533498e-05  -1.1865715390498369e-09
  -9.7124882737416719e-05  -1.1905394671409691e-09
  -9.7261517751143244e-05  -1.1927760195555928e-09
  -9.7315459238193479e-05  -1.1939020355027433e-09
  -9.7335197669263379e-05  -1.1941333406036841e-09
  -9.7411652827848305e-05  -1.1946432354643932e-09
  -9.7530047072831550e-05  -1.1961501947353043e-09
  -9.7820345342109491e-05  -1.1994900028745523e-09
  -9.7966754971239554e-05  -1.2025146911218143e-09
  -9.8051588640279681e-05  -1.2039611706681982e-09
  -9.8070494674071306e-05  -1.2043734465673819e-09
  -9.8123601867388321e-05  -1.2046565706774759e-09
  -9.8226342509528963e-05  -1.2058838057878857e-09
  -9.8485255419208072e-05  -1.2083572878190604e-09
  -9.8661538851629003e-05  -1.2121606552707720e-09
  -9.8776562254645041e-05  -1.2138855565255874e-09
  -9.8804737169553018e-05  -1.2146015119238532e-09
  -9.8837823129786502e-05  -1.2147873605476700e-09
  -9.8933917104520089e-05  -1.2156696559779620e-09
  -9.9117122303422347e-05  -1.2175322189247190e-09
  -9.9353574996751651e-05  -1.2215315999377155e-09
  -9.9487172296368461e-05  -1.2236933130205588e-09
  -9.9535587070371525e-05  -1.2247756909144689e-09
  -9.9556685124522050e-05  -1.2249941765173425e-09
  -9.9637109426503796e-05  -1.2255395494004812e-09
  -9.9761711154472031e-05  -1.2270778832054394e-09
  -1.0004677005453350e-04  -1.2305191018696301e-09
  -1.0018955977389443e-04  -1.2334378789603112e-09
  -1.0026745741766941e-04  -1.2348497994540270e-09
  -1.0028579919361583e-04  -1.2352331218426146e-09
  -1.0034342249966343e-04  -1.2355369281933509e-09
  -1.0044704261758409e-04  -1.2368017623509003e-09
  -1.0071563329039221e-04  -1.2393725746205619e-09
  -1.0088188338813726e-04  -1.2431025733523199e-09
  -1.0099079699942394e-04  -1.2447906966263009e-09
  -1.0101622759859242e-04  -1.2454647794861440e-09
  -1.0105277042596984e-04  -1.2456554755778740e-09
  -1.0115012885054324e-04  -1.2465812114113503e-09
  -1.0134767599860822e-04  -1.2484987323493901e-09
  -1.0156901595007408e-04  -1.2525176421203377e-09
  -1.0169913660712580e-04  -1.2546098279199447e-09
  -1.0174245185044149e-04  -1.2556479354539074e-09
  -1.0176528916878145e-04  -1.2558555294870169e-09
  -1.0184932671277727e-04  -1.2564378462339224e-09
  -1.0198180825137941e-04  -1.2580080818204442e-09
  -1.0225874483138866e-04  -1.2615460201004583e-09
  -1.0239853039080275e-04  -1.2643601571531854e-09
  -1.0246962563319634e-04  -1.2657364405720128e-09
  -1.0248780876721521e-04  -1.2660927186216100e-09
  -1.0255000314403080e-04  -1.2664191069520353e-09
  -1.0265509886585593e-04  -1.2677203339818074e-09
  -1.0293076304902532e-04  -1.2703923087109548e-09
  -1.0308857775206997e-04  -1.2740407984244279e-09
  -1.0319100885848776e-04  -1.2756939450110638e-09
  -1.0321415516634941e-04  -1.2763273019847018e-09
  -1.0325446381234736e-04  -1.2765247282614176e-09
  -1.0335269240583863e-04  -1.2774938235081759e-09
  -1.0356478963206232e-04  -1.2794712073681269e-09
  -1.0377134250777551e-04  -1.2834974409247496e-09
  -1.0389745880433289e-04  -1.2855253161882935e-09
  -1.0393613002034562e-04  -1.2865187176214557e-09
  -1.0396108664825283e-04  -1.2867173519162320e-09
  -1.0404830575822476e-04  -1.2873379861026366e-09
  -1.0419037854039184e-04  -1.2889410832064851e-09
  -1.0445669272920034e-04  -1.2925698912895009e-09
  -1.0459381659105171e-04  -1.2952816122197702e-09
  -1.0465832903786145e-04  -1.2966210799275277e-09
  -1.0467675685761819e-04  -1.2969522474211292e-09
  -1.0474349604052991e-04  -1.2973031275533703e-09
  -1.0485095119893746e-04  -1.2986395525561509e-09
  -1.0513069445782023e-04  -1.3014158436889037e-09
  -1.0528160809936886e-04  -1.3049758228233024e-09
  -1.0537728151892441e-04  -1.3065952965841260e-09
  -1.0539859844771053e-04  -1.3071892243773572e-09
  -1.0544294979955126e-04  -1.3073952829633501e-09
  -1.0554177878603762e-04  -1.3084074487919317e-09
  -1.0576803845114234e-04  -1.3104499046231316e-09
  -1.0596061738144262e-04  -1.3144712052767099e-09
  -1.0608215806612753e-04  -1.3164397860655416e-09
  -1.0611666010554836e-04  -1.3173882280198557e-09
  -1.0614411403645873e-04  -1.3175798281193571e-09
  -1.0623402471543882e-04  -1.3182400104231468e-09
  -1.0638732564794556e-04  -1.3198774297899091e-09
  -1.0664102251722608e-04  -1.3235900876837001e-09
  -1.0677556833362407e-04  -1.3262024142713866e-09
  -1.0683379352906025e-04  -1.3275038275670920e-09
  -1.0685286834235294e-04  -1.3278118422485607e-09
  -1.0692403625508378e-04  -1.3281891002607168e-09
  -1.0703501890977154e-04  -1.3295595969672891e-09
  -1.0731560353253062e-04  -1.3324425055059180e-09
  -1.0746099674503371e-04  -1.3359080782782487e-09
  -1.0754974406632117e-04  -1.3374947004964055e-09
  -1.0756968035239683e-04  -1.3380506280876933e-09
  -1.0761830809809052e-04  -1.3382672302145529e-09
  -1.0771764334617507e-04  -1.3393220045379919e-09
  -1.0795703444425696e-04  -1.3414349005506573e-09
  -1.0813684299826993e-04  -1.3454390648467984e-09
  -1.0825323592242271e-04  -1.3473530827276189e-09
  -1.0828405512960563e-04  -1.3482565333275409e-09
  -1.0831437833083181e-04  -1.3484429976697715e-09
  -1.0840645828628887e-04  -1.3491438087152516e-09
  -1.0857242137144889e-04  -1.3508175010414764e-09
  -1.0881209761957498e-04  -1.3546058979380105e-09
  -1.0894391993010769e-04  -1.3571225753426785e-09
  -1.0899621798365433e-04  -1.3583846966095520e-09
  -1.0901634205698807e-04  -1.3586715099343782e-09
  -1.0909172753805179e-04  -1.3590769859343765e-09
  -1.0920766226694967e-04  -1.3604805382304644e-09
  -1.0948577850033493e-04  -1.3634714264749992e-09
  -1.0962680785896417e-04  -1.3668378818099819e-09
  -1.0970857074194408e-04  -1.3683920455087595e-09
  -1.0972756881402713e-04  -1.3689115097546833e-09
  -1.0978065122939633e-04  -1.3691405743518348e-09
  -1.0988062357318611e-04  -1.3702372924457792e-09
  -1.1013146672726721e-04  -1.3724260963798862e-09
  -1.1029998215657526e-04  -1.3764011985283736e-09
  -1.1041069206611277e-04  -1.3782650255464435e-09
  -1.1043831974129006e-04  -1.3791236590232625e-09
  -1.1047187245341746e-04  -1.3793068796494334e-09
  -1.1056560206274988e-04  -1.3800492446947379e-09
  -1.1074532417256264e-04  -1.3817616948633843e-09
  -1.1097021177975406e-04  -1.3856167461242380e-09
  -1.1109897716133358e-04  -1.3880420807969168e-09
  -1.1114576079845461e-04  -1.3892637170873079e-09
  -1.1116733674143499e-04  -1.3895313090254990e-09
  -1.1124663307194655e-04  -1.3899668128720261e-09
  -1.1136914588362652e-04  -1.3914025910177069e-09
  -1.1164159429529819e-04  -1.3945017817351343e-09
  -1.1177914504192991e-04  -1.3977656158166082e-09
  -1.1185397328159711e-04  -1.3992873240317727e-09
  -1.1187246986835636e-04  -1.3997719689080868e-09
  -1.1193011712032743e-04  -1.4000153991840236e-09
  -1.1203112486278446e-04  -1.4011532383558650e-09
  -1.1229113524538297e-04  -1.4034233974599686e-09
  -1.1244998223660513e-04  -1.4073579272452785e-09
  -1.1255454212564934e-04  -1.4091755103301865e-09
  -1.1257946940797806e-04  -1.4099897016010138e-09
  -1.1261659258065209e-04  -1.4101715900679754e-09
  -1.1271149840697599e-04  -1.4109562614409918e-09
  -1.1290561046122780e-04  -1.4127104718247158e-09
  -1.1311557444687115e-04  -1.4166221875026516e-09
  -1.1324080995838803e-04  -1.4189609528602459e-09
  -1.1328253266492945e-04  -1.4201409938427098e-09
  -1.1330596290026914e-04  -1.4203913270170385e-09
  -1.1338877369903433e-04  -1.4208586117565869e-09
  -1.1351960851982971e-04  -1.4223259967808405e-09
  -1.1378347836721596e-04  -1.4255327124897826e-09
  -1.1391814137601784e-04  -1.4286916166176417e-09
  -1.1398618662474978e-04  -1.4301805225129180e-09
  -1.1400461386240168e-04  -1.4306320754789437e-09
  -1.1406685567759921e-04  -1.4308918179018262e-09
  -1.1416959450452082e-04  -1.4320698121274289e-09
  -1.1443597373449687e-04  -1.4344265971419703e-09
  -1.1458679919122737e-04  -1.4383096298177522e-09
  -1.1468483427534866e-04  -1.4400844460058654e-09
  -1.1470754846505904e-04  -1.4408547746851824e-09
  -1.1474855429884545e-04  -1.4410372205404809e-09
  -1.1484425977469862e-04  -1.4418647669052487e-09
  -1.1505281606132641e-04  -1.4436642567158819e-09
  -1.1524830761186668e-04  -1.4476218931263121e-09
  -1.1536945237439574e-04  -1.4498791645360318e-09
  -1.1540659719860722e-04  -1.4510166184908413e-09
  -1.1543228219421152e-04  -1.4512516496693884e-09
  -1.1551813518945967e-04  -1.4517524037300014e-09
  -1.1565904366868005e-04  -1.4532510790457934e-09
  -1.1591187181967614e-04  -1.4565633848790532e-09
  -1.1604394388834907e-04  -1.4596162302904156e-09
  -1.1610545004048646e-04  -1.4610717067632673e-09
  -1.1612423679850507e-04  -1.4614919577283711e-09
  -1.1619101161932922e-04  -1.4617699316613053e-09
  -1.1629648582388047e-04  -1.4629870080141993e-09
  -1.1656605893327446e-04  -1.4654354209059015e-09
  -1.1671041753478676e-04  -1.4692567358066955e-09
  -1.1680166152035410e-04  -1.4709917568961686e-09
  -1.1682264377765449e-04  -1.4717189916833157e-09
  -1.1686780449050150e-04  -1.4719038841492366e-09
  -1.1696408519654649e-04  -1.4727746831333724e-09
  -1.1718648380111530e-04  -1.4746234510169473e-09
  -1.1736845421471826e-04  -1.4786156372643272e-09
  -1.1748491030109573e-04  -1.4807966603131231e-09
  -1.1751797975835906e-04  -1.4818906715879238e-09
  -1.1754631471192086e-04  -1.4821123678386908e-09
  -1.1763468465469186e-04  -1.4826481835880992e-09
  -1.1778729431947504e-04  -1.4841781681689675e-09
  -1.1802719066809312e-04  -1.4875929197234045e-09
  -1.1815669544347680e-04  -1.4905396805058382e-09
  -1.1821198671475722e-04  -1.4919608559661388e-09
  -1.1823155982029483e-04  -1.4923516719264618e-09
  -1.1830270683927524e-04  -1.4926498068156338e-09
  -1.1841221607005278e-04  -1.4939047931648505e-09
  -1.1868160457141017e-04  -1.4964493997259021e-09
  -1.1882086317639804e-04  -1.5001996657741309e-09
  -1.1890516704512745e-04  -1.5018973410860920e-09
  -1.1892489132959495e-04  -1.5025824198159482e-09
  -1.1897442646103640e-04  -1.5027716464884738e-09
  -1.1907126611934656e-04  -1.5036858674443571e-09
  -1.1930621211230614e-04  -1.5055883577624191e-09
  -1.1947599652717173e-04  -1.5096032682368130e-09
  -1.1958717592499050e-04  -1.5117133655984105e-09
  -1.1961668332641852e-04  -1.5127632584099882e-09
  -1.1964805303110802e-04  -1.5129735513475656e-09
  -1.1973839453403151e-04  -1.5135459433077841e-09
  -1.1990406378598409e-04  -1.5151076494758151e-09
  -1.2012979215026640e-04  -1.5186204761156313e-09
  -1.2025651766537439e-04  -1.5214621605771569e-09
  -1.2030598536270226e-04  -1.5228479979855283e-09
  -1.2032677037352775e-04  -1.5232112622002442e-09
  -1.2040202606745665e-04  -1.5235314765413982e-09
  -1.2051712293630621e-04  -1.5248231752772179e-09
  -1.2078294051964778e-04  -1.5274680020176470e-09
  -1.2091820714618494e-04  -1.5311388244527296e-09
  -1.2099554111250391e-04  -1.5328010914564608e-09
  -1.2101447415965188e-04  -1.5334451190394602e-09
  -1.2106853696739140e-04  -1.5336405691408761e-09
  -1.2116617897760132e-04  -1.5345981930949687e-09
  -1.2141169903510685e-04  -1.5365592127662697e-09
  -1.2157088136643615e-04  -1.5405847070054310e-09
  -1.2167624653545945e-04  -1.5426291179784085e-09
  -1.2170270893877466e-04  -1.5436343947863862e-09
  -1.2173748062770085e-04  -1.5438352077854281e-09
  -1.2182927095764754e-04  -1.5444455552784606e-09
  -1.2200894259042948e-04  -1.5460398257840027e-09
  -1.2221995044530890e-04  -1.5496451766109157e-09
  -1.2234349843331493e-04  -1.5523837619026148e-09
  -1.2238758732114490e-04  -1.5537331047405997e-09
  -1.2241000847547172e-04  -1.5540707452464317e-09
  -1.2248900940870823e-04  -1.5544149501627372e-09
  -1.2261142532814402e-04  -1.5557421571702271e-09
  -1.2287047944282157e-04  -1.5584905390959164e-09
  -1.2300255986947786e-04  -1.5620746037815769e-09
  -1.2307300948785898e-04  -1.5637028978523343e-09
  -1.2309161155920663e-04  -1.5643071405281941e-09
  -1.2315027534589944e-04  -1.5645107307111009e-09
  -1.2324926360234712e-04  -1.5655115248851964e-09
  -1.2350277623878652e-04  -1.5675362125943532e-09
  -1.2365304789038333e-04  -1.5715600014919173e-09
  -1.2375214426707775e-04  -1.5735438168391555e-09
  -1.2377607713120862e-04  -1.5745041846921062e-09
  -1.2381459120695078e-04  -1.5746974465482774e-09
  -1.2390738201750121e-04  -1.5753470374978845e-09
  -1.2410144932529236e-04  -1.5769751885623753e-09
  -1.2429784488394025e-04  -1.5806663580027885e-09
  -1.2441768675328292e-04  -1.5833046852764543e-09
  -1.2445688179688974e-04  -1.5846162989630388e-09
  -1.2448136076024933e-04  -1.5849302588671205e-09
  -1.2456365443663618e-04  -1.5853003372924904e-09
  -1.2469519398742511e-04  -1.5866619040762892e-09
  -1.2494467506809771e-04  -1.5895163878697216e-09
  -1.2507405738832107e-04  -1.5930074822190915e-09
  -1.2513781498682612e-04  -1.5946027507327334e-09
  -1.2515654107634857e-04  -1.5951685981233782e-09
  -1.2521978659671992e-04  -1.5953822193447847e-09
  -1.2532098866257547e-04  -1.5964257594905731e-09
  -1.2557942862418699e-04  -1.5985194533069819e-09
  -1.2572245329278399e-04  -1.6025293326496146e-09
  -1.2581493291784115e-04  -1.6044573662287592e-09
  -1.2583684643430925e-04  -1.6053727267895460e-09
  -1.2587940514491953e-04  -1.6055603564322715e-09
  -1.2597288082974282e-04  -1.6062503031214620e-09
  -1.2618108144535155e-04  -1.6079141607582004e-09
  -1.2636356190850724e-04  -1.6116833216313700e-09
  -1.2647909646423588e-04  -1.6142249373123085e-09
  -1.2651391058116014e-04  -1.6154975900854046e-09
  -1.2654086362107463e-04  -1.6157898335283916e-09
  -1.2662592897431100e-04  -1.6161876552778925e-09
  -1.2676833676875208e-04  -1.6175825397028720e-09
  -1.2700597747771945e-04  -1.6205447302001033e-09
  -1.2713284249318959e-04  -1.6239378321887196e-09
  -1.2719019519591630e-04  -1.6255005839613257e-09
  -1.2720949632944920e-04  -1.6260295585034459e-09
