   0.0000000000000000e+00   0.0000000000000000e+00
  -2.4543089997765451e-07  -2.4015222753123733e-11
  -3.0937329504893835e-07  -2.9938311378596705e-11
  -9.1969199365535270e-09  -1.7939744741818364e-12
   5.5590178573653587e-09   1.0239628589481242e-11
   4.2656712419947545e-07   4.1740612268664767e-11
  -2.0905840863246102e-08   1.9231545609482703e-13
  -1.1299143594270360e-07  -1.3406635827536983e-11
  -3.4140778590145693e-07  -3.4378090001466188e-11
  -7.1696780756498948e-08  -8.9712313099121754e-12
  -3.2290180975564318e-08   1.1214897283409742e-12
   4.9188524679300363e-07   4.6316223425990621e-11
  -2.7510502318469493e-08   4.8038905752639804e-12
  -2.4045406455124214e-08  -4.3145547898304493e-12
  -3.2845582423248615e-07  -3.2606055442446769e-11
  -1.9780993003478114e-07  -1.9454292343734636e-11
  -3.3942605453737840e-09   1.3972254343103119e-13
   2.4902772748493056e-07   3.1753320567547150e-11
   1.3195657122544446e-07   2.0207876929960455e-11
   1.8804097493517469e-11  -1.4926970250128679e-13
  -2.5023506562390010e-07  -2.5191761545730051e-11
  -3.0661759138042761e-07  -2.9028625857241419e-11
  -8.0415276740037483e-09  -1.2932604206289389e-12
   1.0964184552451905e-08   1.2135499202758915e-11
   4.1710008319927570e-07   3.9895415530205591e-11
  -1.9536098177217777e-08   1.2302301104910596e-13
  -1.1802441035331079e-07  -1.4697462539549344e-11
  -3.4112403054045205e-07  -3.4161163806577244e-11
  -6.7752004047545202e-08  -7.8517900731558954e-12
  -3.3218958156704809e-08   1.6388865091421234e-12
   4.9636949117604860e-07   4.6898738798734074e-11
  -2.9494411033837743e-08   3.7155277769415629e-12
  -2.6191923540729196e-08  -5.1946768284474865e-12
  -3.2993712786920457e-07  -3.3150720775247666e-11
  -1.9231775446682323e-07  -1.8149052139621036e-11
  -4.1137896356546397e-09   1.2033928541155259e-13
   2.6120081277004794e-07   3.4161599547430366e-11
   1.2151136494383246e-07   1.7833702288354292e-11
  -3.2409107190468911e-11  -3.6440035017237804e-13
  -2.5493337175129527e-07  -2.6321171804621901e-11
  -3.0372300014759861e-07  -2.8051588395888727e-11
  -6.9704587660679093e-09  -8.7574001869650253e-13
   1.6738740660042495e-08   1.4186473718848236e-11
   4.0726124027237309e-07   3.7850519702016527e-11
  -1.8175310169009015e-08   1.0083036836028292e-13
  -1.2313901846892211e-07  -1.6002927281932866e-11
  -3.4078022054782366e-07  -3.3851897630540750e-11
  -6.3931043323400133e-08  -6.7902131400260357e-12
  -3.4041099734828315e-08   2.2982774537660955e-12
   5.0026937386128244e-07   4.7162881781394328e-11
  -3.1191530890919625e-08   2.7974747084796858e-12
  -2.8450568807531634e-08  -6.1480487584600341e-12
  -3.3131141999494240e-07  -3.3607770321027186e-11
  -1.8680123902163788e-07  -1.6837168486695531e-11
  -4.8991779324786960e-09   1.0315630728091607e-13
   2.7338212056637889e-07   3.6460988308423259e-11
   1.1134324603024465e-07   1.5564712604713982e-11
  -1.5372813612357650e-10  -6.5228302360137436e-13
  -2.5952040867119244e-07  -2.7397357819924917e-11
  -3.0068859473034257e-07  -2.7012210935921377e-11
  -5.9816772133387472e-09  -5.3870612398004836e-13
   2.2884121759114869e-08   1.6376851480828791e-11
   3.9707620807334296e-07   3.5639046509945704e-11
  -1.6830785909286231e-08   1.0815946662606768e-13
  -1.2832902649773451e-07  -1.7314859181855047e-11
  -3.4037424563983579e-07  -3.3451701911962894e-11
  -6.0235128884972636e-08  -5.7929039169735130e-12
  -3.4743729558292524e-08   3.1123746158448484e-12
   5.0357417599191344e-07   4.7104018060205310e-11
  -3.2613730709335834e-08   2.0410204559437317e-12
  -3.0823707783552388e-08  -7.1694438580349740e-12
  -3.3258269865324083e-07  -3.3975057793164676e-11
  -1.8126880194828734e-07  -1.5526651795869095e-11
  -5.7489538749086119e-09   1.0456219223797802e-13
   2.8554429303277902e-07   3.8615795457108693e-11
   1.0146728726201718e-07   1.3422982885792634e-11
  -3.4531203764454066e-10  -1.0182164356456469e-12
  -2.6399119185062294e-07  -2.8414675343549356e-11
  -2.9751387506035676e-07  -2.5915996345465819e-11
  -5.0732961279264036e-09  -2.7802608305871335e-13
   2.9400565102486245e-08   1.8686842654866420e-11
   3.8657130340584780e-07   3.3295824539321395e-11
  -1.5509288346865838e-08   1.2795060150283533e-13
  -1.3358785843449114e-07  -1.8625285558640514e-11
  -3.3990369157309557e-07  -3.2962531901041536e-11
  -5.6665090355958840e-08  -4.8656564888283071e-12
  -3.5313717151766282e-08   4.0915221514656319e-12
   5.0627479655177693e-07   4.6723144450644405e-11
  -3.3773329872230189e-08   1.4348521286053351e-12
  -3.3313569014915140e-08  -8.2528886068827800e-12
  -3.3375499995365408e-07  -3.4250902353032131e-11
  -1.7572888794397008e-07  -1.4225607020482145e-11
  -6.6613254812337985e-09   1.4180030847438241e-13
   2.9765954965492274e-07   4.0591682250699923e-11
   9.1897277481938974e-08   1.1426807416947682e-11
  -6.0741113018254050e-10  -1.4658293025562874e-12
  -2.6834117868176043e-07  -2.9367807122780698e-11
  -2.9419878410340272e-07  -2.4768755622905925e-11
  -4.2435866824631560e-09  -8.7801185592872866e-14
   3.6287074815658307e-08   2.1093046363371282e-11
   3.7577345287460526e-07   3.0856834990801441e-11
  -1.4217038651702894e-08   1.4421688669663535e-13
  -1.3890861873906354e-07  -1.9926204241314804e-11
  -3.3936585969857307e-07  -3.2386648159306308e-11
  -5.3221370448957098e-08  -4.0133881461235088e-12
  -3.5737725734784863e-08   5.2433914415200844e-12
   5.0836378638337114e-07   4.6026955250605406e-11
  -3.4683031150512487e-08   9.6555326668107400e-13
  -3.5922216393537501e-08  -9.3917273047069982e-12
  -3.3483236290716978e-07  -3.4433977587691733e-11
  -1.7018993152284091e-07  -1.2942149739056386e-11
  -7.6341501157759992e-09   2.3265211371997774e-13
   3.0969977793480347e-07   4.2356441813141965e-11
   8.2645699269650111e-08   9.5904679597164089e-12
  -9.4038566788180039e-10  -1.9972087135153305e-12
  -2.7256628269320925e-07  -3.0251837276548676e-11
  -2.9074372181830087e-07  -2.3576680321588106e-11
  -3.4909847118104465e-09   3.9494232537129470e-14
   4.3541391579597112e-08   2.3568577319811601e-11
   3.6471009683927864e-07   2.8358227007960202e-11
  -1.2959723996969034e-08   1.4205043391557481e-13
  -1.4428411728578672e-07  -2.1209866870632033e-11
  -3.3875778893317516e-07  -3.1726773877353842e-11
  -4.9904040982928777e-08  -3.2400967759499411e-12
  -3.6002263387527322e-08   6.5725599875804397e-12
   5.0983537604816671e-07   4.5027596451766017e-11
  -3.5355853722040913e-08   6.1792790936182618e-13
  -3.8651521637260954e-08  -1.0578814733930297e-11
  -3.3581879460467100e-07  -3.4523420905895053e-11
  -1.6466032057250654e-07  -1.1684380676543760e-11
  -8.6649054632792488e-09   3.9513487967712813e-13
   3.2163662650516039e-07   4.3880698228672410e-11
   7.3723712386958816e-08   7.9241495093071435e-12
  -1.3447220666628831e-09  -2.6130141887042990e-12
  -2.7666288489639704e-07  -3.1062340850526726e-11
  -2.8714955626696695e-07  -2.2346381038998442e-11
  -2.8140946129340955e-09   1.1298048000624172e-13
   5.1159967159354613e-08   2.6083483571810728e-11
   3.5340909209714052e-07   2.5835552555815433e-11
  -1.1742508602193696e-08   1.0784775850147810e-13
  -1.4970689634567335e-07  -2.2468763178143392e-11
  -3.3807627996293270e-07  -3.0986103440044932e-11
  -4.6712820914673013e-08  -2.5488067602677522e-12
  -3.6093736989332471e-08   8.0800934519620338e-12
   5.1068549741383092e-07   4.3742330829536769e-11
  -3.5805066940638661e-08   3.7546170599672690e-13
  -4.1503137392204410e-08  -1.1806625989374542e-11
  -3.3671823607465089e-07  -3.4518846765349553e-11
  -1.5914836044676750e-07  -1.0460307099668942e-11
  -9.7506620524078977e-09   6.4709132149842752e-13
   3.3344160002589992e-07   4.5138696816784951e-11
   6.5141142895595860e-08   6.4340003593996165e-12
  -1.8210467268246072e-09  -3.3125459840410709e-12
  -2.8062784229667022e-07  -3.1795310741905558e-11
  -2.8341763193251955e-07  -2.1084806535280609e-11
  -2.2116906655709687e-09   1.4338660467294595e-13
   5.9137943960894598e-08   2.8605245450986916e-11
   3.4189861383574285e-07   2.3323032741218164e-11
  -1.0570047760238149e-08   2.9439233169281653e-14
  -1.5516925939312344e-07  -2.3695700566636613e-11
  -3.3731792141542417e-07  -3.0168273261466094e-11
  -4.3647096200976829e-08  -1.9413650374777713e-12
  -3.5998508784019882e-08   9.7633731611576624e-12
   5.1091179895676551e-07   4.2193142751369150e-11
  -3.6044124942548328e-08   2.2071819198721254e-13
  -4.4478470919069070e-08  -1.3067368910026078e-11
  -3.3753452893044329e-07  -3.4420264707034354e-11
  -1.5366223873793800e-07  -9.2777274578181856e-12
  -1.0888057513534430e-08   1.0058605424273503e-12
   3.4508615569619518e-07   4.6108869652082551e-11
   5.6906478024709890e-08   5.1222644832302211e-12
  -2.3701372335030099e-09  -4.0938418020136647e-12
  -2.8445849346056366e-07  -3.2447163554084890e-11
  -2.7954977510505439e-07  -1.9799204376697022e-11
  -1.6827156531238133e-09   1.4302708323254976e-13
   6.7469139737120001e-08   3.1099500904206712e-11
   3.3020705705281029e-07   2.0852935155545038e-11
  -9.4465048222983072e-09  -1.0375240163534860e-13
  -1.6066330172758835e-07  -2.4883745021117565e-11
  -3.3647911801412082e-07  -2.9277336197758297e-11
  -4.0705941448831474e-08  -1.4183575104340096e-12
  -3.5702955357452305e-08   1.1615839800444006e-11
   5.1051365452321924e-07   4.0406207242951742e-11
  -3.6086602684466847e-08   1.3584684592504725e-13
  -4.7578658874595885e-08  -1.4352994704217026e-11
  -3.3827138319749914e-07  -3.4228117410696479e-11
  -1.4820999104077706e-07  -8.1441127713216543e-12
  -1.2073272894993527e-08   1.4878693979994417e-12
   3.5654180082118903e-07   4.6774436971222522e-11
   4.9026866602705152e-08   3.9875156128410527e-12
  -2.9929310439496745e-09  -4.9537713341096801e-12
  -2.8815266118575704e-07  -3.3014738512471276e-11
  -2.7554829636132309e-07  -1.8497098492643860e-11
  -1.2262768273691924e-09   1.2564244349783094e-13
   7.6146037635764323e-08   3.3530592365160761e-11
   3.1836293802069409e-07   1.8454960216268690e-11
  -8.3755708282524238e-09  -3.0068308953801193e-13
  -1.6618094256216041e-07  -2.6026334950038366e-11
  -3.3555612037638235e-07  -2.8317769787053471e-11
  -3.7888143062823551e-08  -9.7896582333667492e-13
  -3.5193528709885104e-08   1.3626940396395393e-11
   5.0949216568287395e-07   3.8411203146133943e-11
  -3.5946133545758895e-08   1.0284546651806448e-13
  -5.0804543208883904e-08  -1.5655401020692183e-11
  -3.3893234644463265e-07  -3.3943303029415617e-11
  -1.4279946790123586e-07  -7.0665472171743682e-12
  -1.3302011293240407e-08   2.1081747458850941e-12
   3.6778019106564752e-07   4.7123815483454679e-11
   4.1508125034881750e-08   3.0249205917876054e-12
  -3.6905314733035044e-09  -5.8881844712532772e-12
  -2.9170865217266993e-07  -3.3495307547558306e-11
  -2.7141599007250543e-07  -1.7186226834026153e-11
  -8.4163918325982912e-10   1.0629247048504764e-13
   8.5159781719359832e-08   3.5862402891079226e-11
   3.0639479616759342e-07   1.6155678682870656e-11
  -7.3604865354808327e-09  -5.6868789191644176e-13
  -1.7171395842719133e-07  -2.7117262753860449e-11
  -3.3454505625376673e-07  -2.7294474406330815e-11
  -3.5192223663861599e-08  -6.2094188298111863e-13
  -3.4456819116490331e-08   1.5781990189527029e-11
   5.0785015762069407e-07   3.6240588763454540e-11
  -3.5636348764706699e-08   1.0395872530877259e-13
  -5.4156648376761651e-08  -1.6966461438908120e-11
  -3.3952077439151733e-07  -3.3567146566666761e-11
  -1.3743830309075056e-07  -6.0516164562124386e-12
  -1.4569478898177925e-08   2.8800116588442726e-12
   3.7877322906767694e-07   4.7150878470722524e-11
   3.4354748770825186e-08   2.2264982826175617e-12
  -4.4642109757117576e-09  -6.8920949676531951e-12
  -2.9512525373596825e-07  -3.3886673523643440e-11
  -2.6715613093671389e-07  -1.5874598077031399e-11
  -5.2821609412834203e-10   1.0107962643973734e-13
   9.4500178068088019e-08   3.8059008527178972e-11
   2.9433109677485560e-07   1.3978165196507075e-11
  -6.4040666961041534e-09  -9.1349139624136155e-13
  -1.7725401769822825e-07  -2.8150784004213336e-11
  -3.3344196306362480e-07  -2.6212838757228019e-11
  -3.2616467650977039e-08  -3.4050670269514249e-13
  -3.3479619518882696e-08   1.8062317808965889e-11
   5.0559216854383776e-07   3.3928873491122225e-11
  -3.5170819148223377e-08   1.2202760503454702e-13
  -5.7635160211240433e-08  -1.8278080871764191e-11
  -3.4003980331563221e-07  -3.3101426872954309e-11
  -1.3213388348276914e-07  -5.1052574711121790e-12
  -1.5870368829003223e-08   3.8144199170780935e-12
   3.8949316288319682e-07   4.6855116574845423e-11
   2.7569929004697680e-08   1.5816149388434009e-12
  -5.3154117949597707e-09  -7.9596888975796976e-12
  -2.9840172761496243e-07  -3.4186968360383485e-11
  -2.6277246759336820e-07  -1.4570250821827058e-11
  -2.8555735369622387e-10   1.2706556726943541e-13
   1.0415570148058270e-07   4.0085674905300517e-11
   2.8220013484759991e-07   1.1941754659780535e-11
  -5.5087263236240636e-09  -1.3391349661107110e-12
  -1.8279271606579627e-07  -2.9121454488308107e-11
  -3.3224282150999280e-07  -2.5078558153757147e-11
  -3.0158947714620937e-08  -1.3221747915265203e-13
  -3.2248991197521976e-08   2.0445468777198494e-11
   5.0272443264808182e-07   3.1511830471397939e-11
  -3.4562999192398226e-08   1.4078495313984973e-13
  -6.1239906530606916e-08  -1.9582231344274226e-11
  -3.4049232439212380e-07  -3.2548263238264818e-11
  -1.2689332073436647e-07  -4.2325582058286293e-12
  -1.7198847898484450e-08   4.9199131097257820e-12
   3.9991268391747700e-07   4.6241849216942243e-11
   2.1155574554438013e-08   1.0774919368197744e-12
  -6.2457439211835442e-09  -9.0843526277806230e-12
  -3.0153780085676821e-07  -3.4394647069682649e-11
  -2.5826921330469443e-07  -1.3281176939466954e-11
  -1.1333467573714645e-10   2.0208877973826311e-13
   1.1411350795103702e-07   4.1909705957368648e-11
   2.7002994071063241e-07   1.0061986508748400e-11
  -4.6765085551844082e-09  -1.8479243742847151e-12
  -1.8832161253893361e-07  -3.0024076324089433e-11
  -3.3094358986649874e-07  -2.3897528162071524e-11
  -2.7817551866366266e-08   1.1224853511959676e-14
  -3.0752330202081166e-08   2.2905635504652522e-11
   4.9925485682558116e-07   2.9025800426379922e-11
  -3.3826173849904780e-08   1.4514290377215522e-13
  -6.4970339615005521e-08  -2.0870975737594111e-11
  -3.4088096006611342e-07  -3.1910164398005203e-11
  -1.2172342481360510e-07  -3.4376956576515072e-12
  -1.8548546435663386e-08   6.2019688430031694e-12
   4.1000502389184311e-07   4.5321800349121255e-11
   1.5112338643181490e-08   6.9933772314789699e-13
  -7.2569804529781096e-09  -1.0259106173089727e-11
  -3.0453365395340017e-07  -3.4508796211210613e-11
  -2.5365103385592037e-07  -1.2015564216337482e-11
  -1.1324829095327171e-11   3.4401615670726082e-13
   1.2435945274339583e-07   4.3500774813895471e-11
   2.5784818746821259e-07   8.3499580947471452e-12
  -3.9091141394850468e-09  -2.4410853113193687e-12
  -1.9383226605674750e-07  -3.0854298391398693e-11
  -3.2954023899901992e-07  -2.2676491218641404e-11
  -2.5590011096471646e-08   9.8254087158022863e-14
  -2.8977434466813563e-08   2.5413384829690855e-11
   4.9519299104262230e-07   2.6506347897831128e-11
  -3.2973408264219684e-08   1.2093613870750586e-13
  -6.8825520843835732e-08  -2.2136930418088785e-11
  -3.4120804278422838e-07  -3.1190391415469865e-11
  -1.1663067972164654e-07  -2.7241502239747084e-12
  -1.9912551480101570e-08   7.6624495594021513e-12
   4.1974405047811442e-07   4.4110777639057297e-11
   9.4396505067890352e-09   4.3084296980772097e-13
  -8.3510503354113780e-09  -1.1476610243740804e-11
  -3.0738990615614484e-07  -3.4528971695757527e-11
  -2.4892303261345172e-07  -1.0781522267848398e-11
   2.0609637152273208e-11   5.7073020354875270e-13
   1.3487811431850492e-07   4.4832043025883062e-11
   2.4568210099467323e-07   6.8128698212446825e-12
  -3.2079319168491077e-09  -3.1182687725353486e-12
  -1.9931627213336332e-07  -3.1607990855740675e-11
  -3.2802878756886013e-07  -2.1422291349680600e-11
  -2.3473927091618302e-08   1.3921080000561803e-13
  -2.6912571031521143e-08   2.7936855628331314e-11
   4.9054999267609395e-07   2.3988131359758968e-11
  -3.2017500580590504e-08   5.5611331511995488e-14
  -7.2804107520852562e-08  -2.3372805644031325e-11
  -3.4147559605087960e-07  -3.0392446805777018e-11
  -1.1162122135659550e-07  -2.0940833702493000e-12
  -2.1283403321649061e-08   9.2997442429146315e-12
   4.2910436115570910e-07   4.2629565892918220e-11
   4.1357514579893132e-09   2.5476940435781303e-13
  -9.5300286677988191e-09  -1.2729135237185552e-11
  -3.1010759820346116e-07  -3.4455098713373489e-11
  -2.4409073294746116e-07  -9.5869234859741193e-12
  -1.7458185938568072e-11   8.9972170339014390e-13
   1.4565282385574363e-07   4.5880774765354182e-11
   2.3355837258176929e-07   5.4539695242689090e-12
  -2.5740703214760519e-09  -3.8778512735995752e-12
  -2.0476529954157989e-07  -3.2281469272872620e-11
  -3.2640533738023409e-07  -2.0142094372607722e-11
  -2.1466799982787846e-08   1.4599985716928776e-13
  -2.4546543163643693e-08   3.0442109228388803e-11
   4.8533858487828044e-07   2.1504020352586251e-11
  -3.0970938072168511e-08  -6.1811992156657336e-14
  -7.6904342077789740e-08  -2.4571578170588804e-11
  -3.4168531810841677e-07  -2.9520251586083457e-11
  -1.0670081783642309e-07  -1.5484013810712627e-12
  -2.2653095713923849e-08   1.1108388514591283e-11
   4.3806137488148003e-07   4.0903290737109854e-11
  -8.0226477869836665e-10   1.5334359216440108e-13
  -1.0796124601621972e-08  -1.4008684403460370e-11
  -3.1268817258633258e-07  -3.4287487996401134e-11
  -2.3916005814411580e-07  -8.4393419986714124e-12
  -1.2549615437552203e-10   1.3477009222148673e-12
   1.5666570037542894e-07   4.6628875782252222e-11
   2.2150307464163365e-07   4.2727883948004419e-12
  -2.0083895680431466e-09  -4.7170005531768644e-12
  -2.1017112677968429e-07  -3.2871472362659693e-11
  -3.2466610864144950e-07  -1.8843381716093788e-11
  -1.9566055929425528e-08   1.3196236638146619e-13
  -2.1868757059785929e-08   3.2893749247857318e-11
   4.7957300912382633e-07   1.9084389667536894e-11
  -2.9845856739057867e-08  -2.4079121942882642e-13
  -8.1124043751048050e-08  -2.5726630244540805e-11
  -3.4183856823671605e-07  -2.8578217808709894e-11
  -1.0187485224172083e-07  -1.0867179552065398e-12
  -2.4013079719218018e-08   1.3078835106941633e-11
   4.4659142120484496e-07   3.8960738172992559e-11
  -5.3784077005437914e-09   1.0854229841317231e-13
  -1.2151666975933860e-08  -1.5307188459476317e-11
  -3.1513345136527371e-07  -3.4026932313468983e-11
  -2.3413730884029420e-07  -7.3459828714775299e-12
  -3.0348771564402133e-10   1.9301206683267069e-12
   1.6789769145104071e-07   4.7063325675847367e-11
   2.0954157995713412e-07   3.2653405803925728e-12
  -1.5115340797587640e-09  -5.6318453589901396e-12
  -2.1552567787712015e-07  -3.3375170574272139e-11
  -3.2280747465764179e-07  -1.7533839614600200e-11
  -1.7769074052756927e-08   1.1183209306514508e-13
  -1.8869287564740600e-08   3.5255692679495021e-11
   4.7326897225003807e-07   1.6756724046523841e-11
  -2.8654004472872079e-08  -4.8905291708672971e-13
  -8.5460602798018842e-08  -2.6831627848375450e-11
  -3.4193635580252128e-07  -2.7571109674842664e-11
  -9.7148307927905422e-08  -7.0713790725762671e-13
  -2.5354271332499005e-08   1.5197542226411120e-11
   4.5467182647519495e-07   3.6833724546998792e-11
  -9.5977419358427019e-09   1.0253495101586463e-13
  -1.3599087752376102e-08  -1.6616503095354118e-11
  -3.1744561180863280e-07  -3.3674661258260852e-11
  -2.2902913819535659e-07  -6.3135689168034026e-12
  -5.5140487445135000e-10   2.6607532366620945e-12
   1.7932861934224099e-07   4.7176547607677422e-11
   1.9769848458859370e-07   2.4244743582549355e-12
  -1.0839650992121655e-09  -6.6175878795857179e-12
  -2.2082105754378002e-07  -3.3790187661808524e-11
  -3.2082599599181621e-07  -1.6221380684001974e-11
  -1.6073212767480846e-08   1.0147698653595327e-13
  -1.5538942772699155e-08   3.7491913870354998e-11
   4.6644358815271965e-07   1.4545049626529805e-11
  -2.7406707921997717e-08  -8.1274960719857070e-13
  -8.9910977355391400e-08  -2.7880705556759811e-11
  -3.4197933213107184e-07  -2.6504197491242221e-11
  -9.2525756494260883e-08  -4.0631148619241220e-13
  -2.6667062967447412e-08   1.7446858844791246e-11
   4.6228099669987695e-07   3.4556280688498309e-11
  -1.3466335735965243e-08   1.1796466581337484e-13
  -1.5140903518147744e-08  -1.7928527369301395e-11
  -3.1962715996700693e-07  -3.3232316638126536e-11
  -2.2384252495056406e-07  -5.3482228411574906e-12
  -8.6917968915994903e-10   3.5512642089161051e-12
   1.9093723236589082e-07   4.6966502843977243e-11
   1.8599753483553548e-07   1.7401917580539550e-12
  -7.2599314385711489e-10  -7.6686463169189922e-12
  -2.2604958532757794e-07  -3.4114605129524633e-11
  -3.1871845373315777e-07  -1.4914083314686299e-11
  -1.4475835169447393e-08   1.1769654261611917e-13
  -1.1869327068078639e-08   3.9567259733398752e-11
   4.5911531435741809e-07   1.2469724688587980e-11
  -2.6114843200029589e-08  -1.2163657667901839e-12
  -9.4471693018265655e-08  -2.8868343045912459e-11
  -3.4196778529954706e-07  -2.5383078451624019e-11
  -8.8011348455463087e-08  -1.7922837693140625e-13
  -2.7941338854079421e-08   1.9805325023221354e-11
   4.6939849673659738e-07   3.2163937312146285e-11
  -1.6991206387619723e-08   1.3829855229768873e-13
  -1.6779695146047248e-08  -1.9235213248591787e-11
  -3.2168090244202689e-07  -3.2701939355235521e-11
  -2.1858474460816589e-07  -4.4552916043938406e-12
  -1.2566745137988083e-09   4.6108371027503425e-12
   2.0270126138721180e-07   4.6436950530519272e-11
   1.7446155851929841e-07   1.2001978187334283e-12
  -4.3781000320323310e-10  -8.7786632347111593e-12
  -2.3120382855771563e-07  -3.4346861075770785e-11
  -3.1648188162703740e-07  -1.3620026439141453e-11
  -1.2974333264215501e-08   1.7806697956423978e-13
  -7.8529022367939891e-09   4.1448301605143123e-11
   4.5130388381887845e-07   1.0547154512610679e-11
  -2.4788810405610220e-08  -1.7028273322644560e-12
  -9.9138845091714840e-08  -2.9789435241484030e-11
  -3.4190163779106945e-07  -2.4213794597854887e-11
  -8.3608806599648824e-08  -1.9287631387865378e-14
  -2.9166494298947868e-08   2.2247798113321504e-11
   4.7600512551070669e-07   2.9692752596954808e-11
  -2.0180262765858402e-08   1.4792800231283598e-13
  -1.8518085760231735e-08  -2.0528772909020332e-11
  -3.2360991639905981e-07  -3.2086100703460074e-11
  -2.1326333877363154e-07  -3.6393651764096702e-12
  -1.7136511143477431e-09   5.8456520873884088e-12
   2.1459748125978850e-07   4.5597087520651836e-11
   1.6311240082255481e-07   7.9013455934334731e-13
  -2.1952006629567117e-10  -9.9407902699397144e-12
  -2.3627663383956297e-07  -3.4485909353870747e-11
  -3.1411359686071578e-07  -1.2347363040864090e-11
  -1.1566150812493750e-08   3.0048435527979533e-13
  -3.4830463027657466e-09   4.3104052553817607e-11
   4.4303023218755788e-07   8.7896972686407615e-12
  -2.3438512088656827e-08  -2.2735472358925701e-12
  -1.0390810366192431e-07  -3.0639318122568926e-11
  -3.4178044714316611e-07  -2.3002734482815979e-11
  -7.9321422155110601e-08   8.1783863535578316e-14
  -3.0331458928376832e-08   2.4745905845280358e-11
   4.8208298683582746e-07   2.7178743413833195e-11
  -2.3042245503031127e-08   1.3259933515780142e-13
  -2.0358717256626323e-08  -2.1801509707784772e-11
  -3.2541751818064048e-07  -3.1387705368840502e-11
  -2.0788608302553611e-07  -2.9039558301427459e-12
  -2.2397390274896123e-09   7.2587328942691487e-12
   2.2660177694639686e-07   4.4461535039612421e-11
   1.5197086493899930e-07   4.9414140314285593e-13
  -7.1170777604656621e-11  -1.1147690301242796e-11
  -2.4126115699088947e-07  -3.4531097707797553e-11
  -3.1161122937312276e-07  -1.1104178557555522e-11
  -1.0248804717437679e-08   5.0291520080347762e-13
   1.2458901618717100e-09   4.4506720357773144e-11
   4.3431642087203744e-07   7.2056239013712498e-12
  -2.2073335607573040e-08  -2.9285433670103722e-12
  -1.0877472134129818e-07  -3.1413742375592524e-11
  -3.4160340949950657e-07  -2.1756686296309224e-11
  -7.5152053658497989e-08   1.3385299812984641e-13
  -3.1424723791130711e-08   2.7268403247210360e-11
   4.8761555562814099e-07   2.4656860754534993e-11
  -2.5586665043002624e-08   7.9300823720152014e-14
  -2.2304225623989010e-08  -2.3046109725449737e-11
  -3.2710723070635515e-07  -3.0610195368013793e-11
  -2.0246095346900753e-07  -2.2515984302723391e-12
  -2.8344033723825407e-09   8.8493879108267337e-12
   2.3868921405958282e-07   4.3049803413915122e-11
   1.4105665769464665e-07   2.9520602542326690e-13
   7.2181104409513308e-12  -1.2391704307633533e-11
  -2.4615089107651346e-07  -3.4482218512835172e-11
  -3.0897274931412054e-07  -9.8983687999570913e-12
  -9.0199045681528880e-09   8.0304122726526650e-13
   6.3385307444386793e-09   4.5632473060636114e-11
   4.2518555624546876e-07   5.7992803267903348e-12
  -2.0702139412573546e-08  -3.6664551603116102e-12
  -1.1373354376624685e-07  -3.2108868949082270e-11
  -3.4136936606133945e-07  -2.0482676535774069e-11
  -7.1103128536343339e-08   1.4847921069732761e-13
  -3.2434372275089683e-08   2.9781915648896540e-11
   4.9258773920349188e-07   2.2160623813424762e-11
  -2.7823737858189215e-08  -2.3290831069333606e-14
  -2.4357215063787983e-08  -2.4255391098404466e-11
  -3.2868274976629707e-07  -2.9757302741698077e-11
  -1.9699609208332410e-07  -1.6834634814638649e-12
  -3.4969122611689177e-09   1.0613283147296870e-11
   2.5083411369069414e-07   4.1385978303241922e-11
   1.3038834039184009e-07   1.7570200936539715e-13
   1.5626631390784629e-11  -1.3664855705308732e-11
  -2.5093969248195496e-07  -3.4339451312863367e-11
  -3.0619649263492754e-07  -8.7375722976346104e-12
  -7.8771703598953455e-09   1.2178419080480229e-12
   1.1798423088559343e-08   4.6461929898052035e-11
   4.1566170535058990e-07   4.5711276560819747e-12
  -1.9333243163398121e-08  -4.4848046717310686e-12
  -1.1877902273793421e-07  -3.2721349826729529e-11
  -3.4107681240393324e-07  -1.9188151176470492e-11
  -6.7176647350905908e-08   1.3858163748492469e-13
  -3.3348114802911853e-08   3.2251291155922790e-11
   4.9698593336522639e-07   1.9721037194768420e-11
  -2.9764321348314110e-08  -1.8510236746149822e-13
  -2.6520231406323286e-08  -2.5422702463161195e-11
  -3.3014790960740528e-07  -2.8833399426733686e-11
  -1.9149977129278954e-07  -1.1996097474750722e-12
  -4.2263042468893702e-09   1.2541866200102558e-11
   2.6301013109498571e-07   3.9497860819699693e-11
   1.1998328499447306e-07   1.1757706353671127e-13
  -4.5991712933728113e-11  -1.4959153924257174e-11
  -2.5562180476165503e-07  -3.4103525233843135e-11
  -3.0328118451263160e-07  -7.6291515422807765e-12
  -6.8184481070163519e-09   1.7631023594213979e-12
   1.7627992350880382e-08   4.6980671089547066e-11
   4.0576980839918900e-07   3.5180689741606819e-12
  -1.7974421748201928e-08  -5.3799934342582678e-12
  -1.2390523202506637e-07  -3.3248248663790558e-11
  -3.4072391060532923e-07  -1.7880738881724534e-11
  -6.3374190686481952e-08   1.1855165286955849e-13
  -3.4153327214416461e-08   3.4640579142132533e-11
   5.0079807304521592e-07   1.7366421343513461e-11
  -3.1419847643251141e-08  -4.1431354874665871e-13
  -2.8795734841524298e-08  -2.6541610706129481e-11
  -3.3150664794506790e-07  -2.7843107268561706e-11
  -1.8598035780859057e-07  -7.9850102224776620e-13
  -5.0213559332681207e-09   1.4622716991256890e-11
   2.7519033799112969e-07   3.7416601501166769e-11
   1.0985763574408811e-07   1.0297166765094179e-13
  -1.7773452317109556e-10  -1.6266397300304658e-11
  -2.6019188020885275e-07  -3.3775488916115703e-11
  -3.0022596054027090e-07  -6.5799373328429001e-12
  -5.8417232983451819e-09   2.4531064029068017e-12
   2.3828498501286301e-08   4.7179635090204008e-11
   3.9553558851227345e-07   2.6337736245413135e-12
  -1.6632902994913150e-08  -6.3474494757520539e-12
  -1.2910588567400638e-07  -3.3687069301603645e-11
  -3.4030850410966904e-07  -1.6568312694031917e-11
  -5.9696928558002765e-08   1.0395417165964815e-13
  -3.4837092679563045e-08   3.6913650846952251e-11
   5.0401367729044095e-07   1.5121767987097412e-11
  -3.2802256717508541e-08  -7.1748314754704889e-13
  -3.1186072295755207e-08  -2.7606124742944604e-11
  -3.3276297070757802e-07  -2.6791573191735363e-11
  -1.8044627612175818e-07  -4.7719011901647956e-13
  -5.8805501205278984e-09   1.6839249721185834e-11
   2.8734730812569192e-07   3.5175699592687737e-11
   1.0002627637035067e-07   1.1434516528074923e-13
  -3.7977312809280017e-10  -1.7578495299999664e-11
  -2.6464499892290671e-07  -3.3356895696133593e-11
  -2.9703038545805284e-07  -5.5962237881929111e-12
  -4.9451320027803572e-09   3.3001263397350322e-12
   3.0399997745251400e-08   4.7055363403512851e-11
   3.8498545906946475e-07   1.9090093004645037e-12
  -1.5315369023233098e-08  -7.3817348717961084e-12
  -1.3437435872126410e-07  -3.4035715435268288e-11
  -3.3982813512430272e-07  -1.5258838246753892e-11
  -5.6145632187963937e-08   1.1144210554370204e-13
  -3.5386246956844829e-08   3.9035100347396823e-11
   5.0662388841288090e-07   1.3008448918744309e-11
  -3.3923929161779574e-08  -1.0995173955336002e-12
  -3.3693449634063927e-08  -2.8610596530809218e-11
  -3.3392091666219464e-07  -2.5684283692928300e-11
  -1.7490597174459402e-07  -2.3109183837355385e-13
  -6.8020446389142897e-09   1.9171022950549566e-11
   2.9945320586545997e-07   3.2810368029261017e-11
   9.0502802961491685e-08   1.3493600767994218e-13
  -6.5237306767600145e-10  -1.8887379073934119e-11
  -2.6897668521652651e-07  -3.2849682934758817e-11
  -2.9369446930503900e-07  -4.6835777443854365e-12
  -4.1269695103809609e-09   4.3140374085537392e-12
   3.7341308357810403e-08   4.6610021181212047e-11
   3.7414642909858967e-07   1.3320080715500948e-12
  -1.4027961114655534e-08  -8.4767287590256646e-12
  -1.3970371024536916e-07  -3.4292579518223343e-11
  -3.3928006457452971e-07  -1.3960467005504074e-11
  -5.2720688145831140e-08   1.5834729361063893e-13
  -3.5787426926948453e-08   4.0970907330857564e-11
   5.0862150511872106e-07   1.1043932803857237e-11
  -3.4797618945169029e-08  -1.5637557438177851e-12
  -3.6319903910786433e-08  -2.9549836102343852e-11
  -3.3498452225858618e-07  -2.4527180200045740e-11
  -1.6936787455216866e-07  -5.4039888883194998e-14
  -7.7836422599170466e-09   2.1593832082687781e-11
   3.1147987732777979e-07   3.0356614032396589e-11
   8.1299502561180993e-08   1.4888079918201624e-13
  -9.9591234694815234e-10  -2.0185165062851229e-11
  -2.7318292139348870e-07  -3.2256268511256236e-11
  -2.9021868090911389e-07  -3.8467854119109135e-12
  -3.3856964898760361e-09   5.5018806351114780e-12
   4.4649981090260152e-08   4.5851408173730457e-11
   3.6304600697174751e-07   8.8892239923088479e-13
  -1.2776288008998528e-08  -9.6257042050615360e-12
  -1.4508670863225097e-07  -3.4456472072265376e-11
  -3.3866129443187523e-07  -1.2681335040225228e-11
  -4.9422114661488124e-08   2.6251418573652874e-13
  -3.6027122160228221e-08   4.2689368641608827e-11
   5.1000100943711553e-07   9.2416372948420089e-12
  -3.5436386580959753e-08  -2.1120246393793729e-12
  -3.9067276006886018e-08  -3.0419056921797416e-11
  -3.3595778691929059e-07  -2.3326560409826780e-11
  -1.6384036242739642e-07   6.1783152378869222e-14
  -8.8227618909699282e-09   2.4080101844806134e-11
   3.2339894369382526e-07   2.7850514646224345e-11
   7.2427337381242643e-08   1.4150453812172836e-13
  -1.4108973740841954e-09  -2.1464161719698949e-11
  -2.7726015869560926e-07  -3.1579490975333635e-11
  -2.8660395864779989e-07  -3.0896831317364648e-12
  -2.7199425586170792e-09   6.8675161044029487e-12
   5.2322274404813587e-08   4.4792724108837223e-11
   3.5171210301305524e-07   5.6425090294576208e-13
  -1.1565437358349896e-08  -1.0821430123514331e-11
  -1.5051585879738687e-07  -3.4526611712888677e-11
  -3.3796859215352512e-07  -1.1429502851968698e-11
  -4.6249579910956871e-08   4.4197696717762636e-13
  -3.6091729255834787e-08   4.4161819275252701e-11
   5.1075858739353750e-07   7.6109449688790964e-12
  -3.5853532944743645e-08  -2.7446750384615970e-12
  -4.1937183739462584e-08  -3.1213891931239357e-11
  -3.3684463897397463e-07  -2.2089094550876986e-11
  -1.5833172543335775e-07   1.2585646500667957e-13
  -9.9164113417015906e-09   2.6599346206537811e-11
   3.3518189646974516e-07   2.5327444568706836e-11
   6.3895934852473656e-08   9.9525097364827619e-14
  -1.8979763319803764e-09  -2.2716888700008431e-11
  -2.8120532535457106e-07  -3.0822597187236955e-11
  -2.8285171827023385e-07  -2.4150489550886500e-12
  -2.1285071561197300e-09   8.4112982421183369e-12
   6.0353134822676430e-08   4.3452238552080247e-11
   3.4017293128944630e-07   3.4127637781738995e-13
  -1.0399990259821537e-08  -1.2056305606633622e-11
  -1.5598343133392707e-07  -3.4502675889946932e-11
  -3.3719851724788117e-07  -1.0212965130713958e-11
  -4.3202422216276695e-08   7.1449367689685461e-13
  -3.5967608817189835e-08   4.5363256120228845e-11
   5.1089214329479334e-07   6.1572026774023292e-12
  -3.6062534163744386e-08  -3.4607297496463962e-12
  -4.4930995784305157e-08  -3.1930406560985725e-11
  -3.3764890252827549e-07  -2.0821780389278233e-11
  -1.5285013074163578e-07   1.4924964476109581e-13
  -1.1061161885625274e-08   2.9118633936356386e-11
   3.4680019407877689e-07   2.2821267445238824e-11
   5.5713583226252653e-08   1.1072523106725463e-14
  -2.4579501031090148e-09  -2.3936213146107110e-11
  -2.8501583178904694e-07  -2.9989322657131279e-11
  -2.7896385794261031e-07  -1.8244700455277707e-12
  -1.6103578479378933e-09   1.0129835663862108e-11
   6.8736182347599491e-08   4.1852835108192876e-11
   3.2845691100703671e-07   2.0243301392802726e-13
  -9.2840386380207626e-09  -1.3322483415935393e-11
  -1.6148149334393493e-07  -3.4384785600402590e-11
  -3.3634744964206043e-07  -9.0394537558338706e-12
  -4.0279671896297983e-08   1.0972524971952780e-12
  -3.5641144729764082e-08   4.6273081069983513e-11
   5.1040130760499243e-07   4.8818858027280254e-12
  -3.6076977762188392e-08  -4.2579996603273051e-12
  -4.8049806507005806e-08  -3.2565133098808041e-11
  -3.3837426538659530e-07  -1.9531949191700648e-11
  -1.4740358852580963e-07   1.4453726843860482e-13
  -1.2253124888426253e-08   3.1603241399703885e-11
   3.5822535963850148e-07   2.0363758639410645e-11
   4.7887232938683029e-08  -1.3412274763036081e-13
  -3.0917804471133903e-09  -2.5115297428573991e-11
  -2.8868957274112012e-07  -2.9083828878215257e-11
  -2.7494276017968767e-07  -1.3182886856796805e-12
  -1.1646257818808542e-09   1.2015733243456173e-11
   7.7463701407694784e-08   4.0021415760420342e-11
   3.1659256808876969e-07   1.2977390429630420e-13
  -8.2212051823356280e-09  -1.4611939045880429e-11
  -1.6700194068678797e-07  -3.4173521976620103e-11
  -3.3541161967699882e-07  -7.9164278214347017e-12
  -3.7480074589063550e-08   1.6063879827027394e-12
  -3.5098805512500351e-08   4.6875487866304688e-11
   5.0928743829733048e-07   3.7828045817284162e-12
  -3.5910500581623137e-08  -5.1331738339099875e-12
  -5.1294412110620274e-08  -3.3115028622889009e-11
  -3.3902424844268857e-07  -1.8227200239591401e-11
  -1.4199991910210548e-07   1.2572863757054353e-13
  -1.3487930768151316e-08   3.4017346448381169e-11
   3.6942907926545455e-07   1.7983997429270315e-11
   4.0422503360185158e-08  -3.4470549244852711e-13
  -3.8005956521031461e-09  -2.6247657909997391e-11
  -2.9222492657263698e-07  -2.8110680558475487e-11
  -2.7079129098154641e-07  -8.9540278403604789e-13
  -7.9059865164959886e-10   1.4057598509732705e-11
   8.6526637150174598e-08   3.7988309112974017e-11
   3.0460843708100729e-07   1.0535214194085096e-13
  -7.2146657996777219e-09  -1.5916517236147509e-11
  -1.7253653162999441e-07  -3.3869811577776077e-11
  -3.3438713960970423e-07  -6.8508318592716555e-12
  -3.4802115894422975e-08   2.2566591607528497e-12
  -3.4327207419572632e-08   4.7160002790945510e-11
   5.0755361581894618e-07   2.8544858534165773e-12
  -3.5576728510660488e-08  -6.0818944281823550e-12
  -5.4665288046749395e-08  -3.3577438681049732e-11
  -3.3960217651549107e-07  -1.6915295011042664e-11
  -1.3664672142443303e-07   1.0814374569456664e-13
  -1.4760710463157869e-08   3.6324831597517315e-11
   3.8038330068103712e-07   1.5707921833911509e-11
   3.3323695036681020e-08  -6.2764832393924497e-13
  -4.5856934194994300e-09  -2.7327158548182129e-11
  -2.9562075152676955e-07  -2.7074866437368228e-11
  -2.6651279591972769e-07  -5.5323768569787157e-13
  -4.8771091147852691e-10   1.6239947863046222e-11
   9.5914597354100975e-08   3.5786473285594200e-11
   2.9253296399979999e-07   1.1152157756294523e-13
  -6.2671741763234423e-09  -1.7228091891453856e-11
  -1.7807692149639145e-07  -3.3475076877120813e-11
  -3.3327003629837412e-07  -5.8491113428399411e-12
  -3.2244047088380787e-08   3.0609180554780346e-12
  -3.3313179093746870e-08   4.7121654234844046e-11
   5.0520463148518747e-07   2.0883990066791758e-12
  -3.5089218560283020e-08  -7.0989815588451410e-12
  -5.8162568165572373e-08  -3.3950215143525864e-11
  -3.4011115106593118e-07  -1.5604245760109103e-11
  -1.3135134325299638e-07   1.0809549869789103e-13
  -1.6066079697629916e-08   3.8489946689937438e-11
   3.9106033161706577e-07   1.3557842457219416e-11
   2.6593807212252872e-08  -9.8833951005933285e-13
  -5.4485410920426108e-09  -2.8348106414360918e-11
  -2.9887637907784464e-07  -2.5981826824554577e-11
  -2.6211109327781146e-07  -2.8768556547403845e-13
  -2.5553142154327579e-10   1.8543321392283652e-11
   1.0561586004723122e-07   3.3450698482852259e-11
   2.8039441049142622e-07   1.3124700978806025e-13
  -5.3810882753814113e-09  -1.8538616063275282e-11
  -1.8361469821957972e-07  -3.2991200808567267e-11
  -3.3205628490330218e-07  -4.9170772705234289e-12
  -2.9803911682146564e-08   4.0296845721377039e-12
  -3.2043827292126126e-08   4.6761094128766612e-11
   5.0224696956176120e-07   1.4734185009232514e-12
  -3.4461403328731911e-08  -8.1784728728911960e-12
  -6.1786025554199688e-08  -3.4231593362861468e-11
  -3.4055402478225510e-07  -1.4302125564587265e-11
  -1.2612085304169064e-07   1.4280688177131795e-13
  -1.7398126157743173e-08   4.0478292484373568e-11
   4.0143293761991591e-07   1.1552325936137198e-11
   2.0234560395185168e-08  -1.4304856127758669e-12
  -6.3907732542360304e-09  -2.9305153681317975e-11
  -3.0199160446484942e-07  -2.4837344203901268e-11
  -2.5759046438803088e-07  -9.2975323620625439e-14
  -9.3748651203151567e-11   2.0944502534224474e-11
   1.1561738671951507e-07   3.1016919501553053e-11
   2.6822075959559953e-07   1.4844787725454278e-13
  -4.5583985128216931e-09  -1.9840098097398395e-11
  -1.8914141850174052e-07  -3.2420423008543142e-11
  -3.3074184337263893e-07  -4.0597094913205622e-12
  -2.7479572638319967e-08   5.1708068165776111e-12
  -3.0506603523276082e-08   4.6084650310272701e-11
   4.9868878297871285e-07   9.9620463787919444e-13
  -3.3706538237724022e-08  -9.3137913831017882e-12
  -6.5535055363778044e-08  -3.4420270778566520e-11
  -3.4093337833982808e-07  -1.3017076023850993e-11
  -1.2096201384753560e-07   2.3001576771736199e-13
  -1.8750399845193083e-08   4.2257442553830793e-11
   4.1147443885524750e-07   9.7058450686249298e-12
   1.4246423924780573e-08  -1.9563398210437066e-12
  -7.4141866526419853e-09  -3.0193427510809279e-11
  -3.0496667431136049e-07  -2.3647662170458994e-11
  -2.5295564101083384e-07   3.8246641097250400e-14
  -2.1533525830508271e-12   2.3416769391604308e-11
   1.2590484139746345e-07   2.8521231275162318e-11
   2.5603962366179279e-07   1.4809106631957780e-13
  -3.8007573173806652e-09  -2.1124826822711829e-11
  -1.9464864436360887e-07  -3.1765491495874820e-11
  -3.2932268740661075e-07  -3.2811255882420065e-12
  -2.5268739957439237e-08   6.4890087660834928e-12
  -2.8689371115754592e-08   4.5104102093865284e-11
   4.9453986285404559e-07   6.4165328866189197e-13
  -3.2837651673571847e-08  -1.0497830686337362e-11
  -6.9408659733008644e-08  -3.4515378944700859e-11
  -3.4125149942062973e-07  -1.1757224317385240e-11
  -1.1588125929467251e-07   3.8770787795516792e-13
  -2.0115906708482838e-08   4.3797840788145637e-11
   4.2115880550923097e-07   8.0288640319503557e-12
   8.6286482170504566e-09  -2.5666196598606028e-12
  -8.5207326222958707e-09  -3.1008432692207488e-11
  -3.0780227163406358e-07  -2.2419325835902615e-11
  -2.4821179007408680e-07   1.1504870407047507e-13
   1.9380947801489468e-11   2.5930359855846907e-11
   1.3646261526475360e-07   2.5999270878568348e-11
   2.4387815458987508e-07   1.1649611397074322e-13
  -3.1095099054228442e-09  -2.2385269744622238e-11
  -2.0012797990716716e-07  -3.1029557612596848e-11
  -3.2779484580511276e-07  -2.5843811682704776e-12
  -2.3168998512703570e-08   7.9856260493116338e-12
  -2.6580472536007725e-08   4.3836416918283105e-11
   4.8981160187761084e-07   3.9331699789452168e-13
  -3.1867498317267318e-08  -1.1723090055128227e-11
  -7.3405434989682640e-08  -3.4516474314155721e-11
  -3.4151036422370388e-07  -1.0530566869892954e-11
  -1.1088467187568389e-07   6.3376766942097040e-13
  -2.1487105797868451e-08   4.5073461456268671e-11
   4.3046075130857408e-07   6.5277750652820155e-12
   3.3793014694036630e-09  -3.2607145065630116e-12
  -9.7125070056859608e-09  -3.1746150196479417e-11
  -3.1049949816299403e-07  -2.1159279948827769e-11
  -2.4336449569635227e-07   1.4803869935464675e-13
  -2.9080292427569043e-11   2.8452921550965737e-11
   1.4727385709285661e-07   2.3485372392488546e-11
   2.3176295698996291e-07   4.1417498770901506e-14
  -2.4857258114916250e-09  -2.3614197511463708e-11
  -2.0557110792492408e-07  -3.0216245304470757e-11
  -3.2615443575751378e-07  -1.9714373362955673e-12
  -2.1177835732148244e-08   9.6582327639010979e-12
  -2.4168796404966039e-08   4.2303297366833026e-11
   4.8451695183607865e-07   2.3382196786408960e-13
  -3.0808515736604689e-08  -1.2981766486439006e-11
  -7.7523561162868258e-08  -3.4423557212191758e-11
  -3.4171162142005058e-07  -9.3449288021338339e-12
  -1.0597796352724426e-07   9.8556579564146318e-13
  -2.2855909911217998e-08   4.6062474797978203e-11
   4.3935582489111787e-07   5.2050800735531366e-12
  -1.5046893252863500e-09  -4.0367199600349624e-12
  -1.0991737684645266e-08  -3.2402957378906139e-11
  -3.1305985420681821e-07  -1.9874726755846062e-11
  -2.3841973867530161e-07   1.4946464205189969e-13
  -1.4750886785912937e-10   3.0950183388389618e-11
   1.5832050923015283e-07   2.1011960400774132e-11
   2.1972000440828674e-07  -8.7797065624617421e-14
  -1.9302311203388267e-09  -2.4804618320266314e-11
  -2.1096982624833460e-07  -2.9329510391543079e-11
  -3.2439769798891290e-07  -1.4428788025488970e-12
  -1.9292669070267686e-08   1.1500608191467032e-11
  -2.1443844082803115e-08   4.0530696095338048e-11
   4.7867037532929504e-07   1.4534087908885107e-13
  -2.9672784527872906e-08  -1.4265824632708757e-11
  -8.1760794086015859e-08  -3.4237020445256061e-11
  -3.4185657896655935e-07  -8.2077879649117280e-12
  -1.0116645884417682e-07   1.4596171493685972e-12
  -2.4213690074910768e-08   4.6747799316466943e-11
   4.4782049847937131e-07   4.0595760260331293e-12
  -6.0274935043125311e-09  -4.8915809553948253e-12
  -1.2360769905241445e-08  -3.2975660830408815e-11
  -3.1548521617385302e-07  -1.8573191162135627e-11
  -2.3338387362373432e-07   1.3295170086385921e-13
  -3.3588826999723237e-10   3.3386546457146726e-11
   1.6958334908469958e-07   1.8608878218744074e-11
   2.0777455905232004e-07  -2.8025563640621254e-13
  -1.4436409890867391e-09  -2.5950013730728638e-11
  -2.1631608354826404e-07  -2.8373878767362637e-11
  -3.2252103148941186e-07  -9.9806393618478983e-13
  -1.7510872933525906e-08   1.3502358953143556e-11
  -1.8395795262299633e-08   3.8548035098152911e-11
   4.7228779199255319e-07   1.0981872963083950e-13
  -2.8471992017634236e-08  -1.5567203992886136e-11
  -8.6114459963478746e-08  -3.3957770731625481e-11
  -3.4194619347475627e-07  -7.1262931536711371e-12
  -9.6455080703583204e-08   2.0710380025518171e-12
  -2.5551283686737689e-08   4.7117476478612808e-11
   4.5583225362702540e-07   3.0865734230653419e-12
  -1.0194328081236485e-08  -5.8212654531833441e-12
  -1.3822049413228857e-08  -3.3461584306344883e-11
  -3.1777781187827727e-07  -1.7262452751964918e-11
  -2.2826360381066665e-07   1.1344733746171398e-13
  -5.9418641328804617e-10   3.5725825618150575e-11
   1.8104203601673405e-07   1.6302877233961843e-11
   1.9595109527299412e-07  -5.4342489709535702e-13
  -1.0263922435495981e-09  -2.7044173974907770e-11
  -2.2160201431731339e-07  -2.7354237147961258e-11
  -3.2052102750070900e-07  -6.3482693494348874e-13
  -1.5829804861887398e-08   1.5649085759877890e-11
  -1.5015572368826113e-08   3.6387669353349361e-11
   4.6538651940020246e-07   1.0953119921469634e-13
  -2.7217399704458287e-08  -1.6877732067835383e-11
  -9.0581452655670927e-08  -3.3587082442533556e-11
  -3.4198106259135646e-07  -6.1070328481738212e-12
  -9.1848338703562002e-08   2.8332275761600023e-12
  -2.6859006633595320e-08   4.7165056690952334e-11
   4.6336966353396729e-07   2.2783522030805914e-12
  -1.4011405797534002e-08  -6.8207522962993039e-12
  -1.5378103683473185e-08  -3.3858374112218093e-11
  -3.1994019384783308e-07  -1.5950396168792902e-11
  -2.2306595392422145e-07   1.0708729909769676e-13
  -9.2232691579693937e-10   3.7932195904276378e-11
   1.9267516355612677e-07   1.4117347265155122e-11
   1.8427322721946502e-07  -8.8303398881189876e-13
  -6.7877573277797670e-10  -2.8081219424422321e-11
  -2.2681997283733116e-07  -2.6275857466402652e-11
  -3.1839450262080311e-07  -3.4941776035080085e-13
  -1.4246830729253493e-08   1.7922415071133790e-11
  -1.1294903306917348e-08   3.4084001788482754e-11
   4.5798520894463086e-07   1.2725801315505159e-13
  -2.5919814509675100e-08  -1.8189325479839313e-11
  -9.5158233629844338e-08  -3.3126694855105387e-11
  -3.4196142016044550e-07  -5.1559757982197474e-12
  -8.7350320168884388e-08   3.7573893649223145e-12
  -2.8126669192178079e-08   4.6889707828318139e-11
   4.7041247170948475e-07   1.6244311668370259e-12
  -1.7485880028970079e-08  -7.8842930448241866e-12
  -1.7031521265900053e-08  -3.4164188296957609e-11
  -3.2197521077656586e-07  -1.4645118017603265e-11
  -2.1779824094909049e-07   1.3084086765424718e-13
  -1.3201591515929131e-09   3.9970755980230088e-11
   2.0446031657496422e-07   1.2071819021838848e-11
   1.7276364069841645e-07  -1.3032781234420532e-12
  -4.0096831334813371e-10  -2.9055753462958744e-11
  -2.3196256596774711e-07  -2.5144468646966234e-11
  -3.1613853078481333e-07  -1.3655515520433203e-13
  -1.2759348820882109e-08   2.0300062845979294e-11
  -7.2263822828216515e-09   3.1672714255991108e-11
   4.5010377690377513e-07   1.4662706812607063e-13
  -2.4589563910114125e-08  -1.9493986394732155e-11
  -9.9840834662462755e-08  -3.2578770844254867e-11
  -3.4188713436114539e-07  -4.2783420035885644e-12
  -8.2964683985136366e-08   4.8521115510874457e-12
  -2.9343595963444644e-08   4.6296252747234090e-11
   4.7694166648004892e-07   1.1120015498689018e-12
  -2.0625787052809021e-08  -9.0054725829236126e-12
  -1.8784929620933172e-08  -3.4377622059808544e-11
  -3.2388597739668908e-07  -1.3354757187264421e-11
  -2.1246804333453512e-07   2.0233586941337256e-13
  -1.7874272866934965e-09   4.1808487119369964e-11
   2.1637413345483407e-07   1.0181886800700313e-11
   1.6144402976070102e-07  -1.8067713124236828e-12
  -1.9306403990695248e-10  -2.9962761980729946e-11
  -2.3702268440659036e-07  -2.3966178651010916e-11
  -3.1375047384154045e-07   1.0712242724808529e-14
  -1.1364812474131195e-08   2.2756216182251432e-11
  -2.8035282965575489e-09   2.9189952646842265e-11
   4.4176333106557032e-07   1.5231240747815011e-13
  -2.3236474976681513e-08  -2.0783927205149377e-11
  -1.0462486329089558e-07  -3.1945923662478337e-11
  -3.4175770877360213e-07  -3.4784973295884369e-12
  -7.8694657127645513e-08   6.1229740895563101e-12
  -3.0498649633125402e-08   4.5395037338510913e-11
   4.8293955124257930e-07   7.2641697344832945e-13
  -2.3439985784171405e-08  -1.0177285338260067e-11
  -2.0640971350204852e-08  -3.4497660045436362e-11
  -3.2567584281131563e-07  -1.2087429689978946e-11
  -2.0708316856904354e-07   3.3953482386772649e-13
  -2.3237384735603356e-09   4.3415008025259050e-11
   2.2839237290783135e-07   8.4590738276893451e-12
   1.5033503809099708e-07  -2.3946346208031377e-12
  -5.5104400534765341e-11  -3.0797661946732613e-11
  -2.4199353231176002e-07  -2.2747462117070349e-11
  -3.1122801053755193e-07   1.0098974607963829e-13
  -1.0060751133664919e-08   2.5261883513857941e-11
   1.9791590522488453e-09   2.6671552553342304e-11
   4.3298609326875188e-07   1.3026873416782658e-13
  -2.1869857263047757e-08  -2.2051553074872721e-11
  -1.0950551093474262e-07  -3.1231187124294846e-11
  -3.4157228632699949e-07  -2.7597780831445373e-12
  -7.4543033921512999e-08   7.5722572743380789e-12
  -3.1580258638827172e-08   4.4201710217364742e-11
   4.8838980989474381e-07   4.5151675367310906e-13
  -2.5938095603002601e-08  -1.1392346050895230e-11
  -2.2602279373855685e-08  -3.4523753322281137e-11
  -3.2734835777280258e-07  -1.0851187353180802e-11
  -2.0165161961332306e-07   5.6038940848823771e-13
  -2.9285306369589842e-09   4.4763291164040542e-11
   2.4048998514348066e-07   6.9108565441469705e-12
   1.3945620536289470e-07  -3.0665887581007856e-12
   1.2892544345478874e-11  -3.1556279074182458e-11
  -2.4686865511742463e-07  -2.1495143772559677e-11
  -3.0856916378952867e-07   1.4449563507518137e-13
  -8.8447897231107298e-09   2.7785341735753200e-11
   7.1261466254822492e-09   2.4152272521359153e-11
   4.2379531797385149e-07   6.7869104433682104e-14
  -2.0498489723881110e-08  -2.3289516799460119e-11
  -1.1447756383510879e-07  -3.0438037290289599e-11
  -3.4132965622522566e-07  -2.1244289964347796e-12
  -7.0512178055302278e-08   9.1985752782158814e-12
  -3.2576448686597731e-08   4.2736769743749459e-11
   4.9327756742874145e-07   2.7017006253710063e-13
  -2.8130432305046270e-08  -1.2642899747949965e-11
  -2.4671450912935010e-08  -3.4455769834518257e-11
  -3.2890724080934797e-07  -9.6538870647533415e-12
  -1.9618156007095589e-07   8.8245578379331224e-13
  -3.6010398459787249e-09   4.5830334427683639e-11
   2.5264118730459594e-07   5.5407352967870582e-12
   1.2882591887827463e-07  -3.8210820141673651e-12
   1.0904513945454719e-11  -3.2234904957968713e-11
  -2.5164196525010504e-07  -2.0216374906588397e-11
  -3.0577232592926204e-07   1.5304044923697413e-13
  -7.7146660190739041e-09   3.0292758969666100e-11
   1.2640818200667335e-08   2.1665068176968116e-11
   4.1421520749983752e-07  -4.6015925445064276e-14
  -1.9130611417163441e-08  -2.4490841429511412e-11
  -1.1953541661092592e-07  -2.9570405477540029e-11
  -3.4102826370111493e-07  -1.5734744236717280e-12
  -6.6604027240506347e-08   1.0996671238536204e-11
  -3.3474878012324655e-08   4.1025034606435862e-11
   4.9758944515579037e-07   1.6455023107986300e-13
  -3.0027942870061719e-08  -1.3921028826219262e-11
  -2.6851020830929474e-08  -3.4294058695247265e-11
  -3.3035634377717726e-07  -8.5031623669323819e-12
  -1.9068127868164531e-07   1.3224740313261263e-12
  -4.3402677992430971e-09   4.6597726762256930e-11
   2.6481954267421233e-07   4.3484690674666648e-12
   1.1846137054161241e-07  -4.6553514081865144e-12
  -6.1121082262256821e-11  -3.2830248610817014e-11
