   0.0000000000000000e+00   0.0000000000000000e+00
  -4.5377393972679007e-06  -1.4665145302555221e-10
  -6.7636220531848033e-06  -1.5998058737129450e-10
  -1.0815825257662727e-05  -1.7797673621325338e-10
  -1.5350659909771055e-05   3.2563962810983060e-11
  -2.8528496862979358e-05  -1.6049723214946882e-10
  -3.6621039038990980e-05  -3.4371004631848778e-10
  -4.3056551422517323e-05  -6.3116292921272521e-10
  -4.5061943729113188e-05  -6.2320953194035245e-10
  -4.8489893325217974e-05  -6.9044713956606385e-10
  -5.1953021450963492e-05  -4.8435116496974712e-10
  -6.1905632459579023e-05  -6.0634875722817561e-10
  -7.0366767852841298e-05  -7.0482283160908099e-10
  -7.7660856535680502e-05  -1.0779768210879281e-09
  -8.0333531360928705e-05  -1.1044546028605995e-09
  -8.2905955331601675e-05  -1.1615289160181452e-09
  -8.6354523721167366e-05  -1.0585195720164489e-09
  -9.2297006773351276e-05  -1.0023730661690503e-09
  -1.0199807612359767e-04  -1.1346895799260043e-09
  -1.0880461879967675e-04  -1.4679579682895516e-09
  -1.1278257432429512e-04  -1.5982918921729830e-09
  -1.1471462786614197e-04  -1.6163004092680650e-09
  -1.1802540926809767e-04  -1.6239181475224962e-09
  -1.2159388038531676e-04  -1.4225697317175878e-09
  -1.3102147703048108e-04  -1.6142600042052743e-09
  -1.3716344813276623e-04  -1.8139914547679256e-09
  -1.4236108290880631e-04  -2.0854302124149321e-09
  -1.4420162149125294e-04  -2.0776962247025244e-09
  -1.4700200848135649e-04  -2.1424944267713422e-09
  -1.4988362243520739e-04  -1.9289506459144179e-09
  -1.5699757567685008e-04  -2.0672394635944807e-09
  -1.6345840913315949e-04  -2.1694772844513266e-09
  -1.6904306151023827e-04  -2.5382021362095261e-09
  -1.7143131845588313e-04  -2.5567535231986113e-09
  -1.7358022659719657e-04  -2.6173769563384366e-09
  -1.7642058268593064e-04  -2.4997454115341378e-09
  -1.8087841437147467e-04  -2.4664761374797173e-09
  -1.8805147897535976e-04  -2.5902623151854293e-09
  -1.9318231173065222e-04  -2.9352112417046008e-09
  -1.9650309400331506e-04  -3.0498413610118708e-09
  -1.9818610238414418e-04  -3.0727278830080043e-09
  -2.0088787113440492e-04  -3.0691152279110553e-09
  -2.0376300971968755e-04  -2.8790838113102249e-09
  -2.1059914497972149e-04  -3.0675578353497879e-09
  -2.1528245520639945e-04  -3.2843958095753190e-09
  -2.1938195168064384e-04  -3.5391845602198574e-09
  -2.2101856769085598e-04  -3.5324546370689783e-09
  -2.2332140143571427e-04  -3.5938733130951028e-09
  -2.2570274943654536e-04  -3.3745435487836720e-09
  -2.3094263683549383e-04  -3.5271954716784709e-09
  -2.3583288353035939e-04  -3.6351716192328104e-09
  -2.4009907003486248e-04  -3.9975709226159825e-09
  -2.4214453951970606e-04  -4.0092705799179770e-09
  -2.4395303492363385e-04  -4.0729370186839281e-09
  -2.4627506242021685e-04  -3.9409081746630964e-09
  -2.4972136678509796e-04  -3.9307709932042550e-09
  -2.5501977699201201e-04  -4.0467588843708796e-09
  -2.5891986825094074e-04  -4.4017026842001206e-09
  -2.6161353459461316e-04  -4.5013442020016073e-09
  -2.6307156393715726e-04  -4.5292294014679518e-09
  -2.6527373020609677e-04  -4.5135982726981355e-09
  -2.6761313921686502e-04  -4.3369275174159200e-09
  -2.7263446140638674e-04  -4.5205425248375994e-09
  -2.7621402927745383e-04  -4.7547982308165579e-09
  -2.7940971477374886e-04  -4.9924787617807581e-09
  -2.8082880473852051e-04  -4.9874762959997362e-09
  -2.8272757360944524e-04  -5.0445504695120422e-09
  -2.8468481022688613e-04  -4.8212379869655431e-09
  -2.8862497944306742e-04  -4.9861784423566036e-09
  -2.9231392882619124e-04  -5.1018291225782969e-09
  -2.9557824130571056e-04  -5.4561092103751554e-09
  -2.9728336620293139e-04  -5.4620239263577716e-09
  -2.9880736160578460e-04  -5.5281592434156326e-09
  -3.0069600016207688e-04  -5.3821290538474259e-09
  -3.0340621283123033e-04  -5.3950772571208921e-09
  -3.0733040447061084e-04  -5.5042708046624741e-09
  -3.1031464830232129e-04  -5.8673858077890398e-09
  -3.1246323760122040e-04  -5.9528424559487925e-09
  -3.1371597813781478e-04  -5.9857686890863598e-09
  -3.1550754078099721e-04  -5.9574079787133236e-09
  -3.1741804908361367e-04  -5.7960271177817310e-09
  -3.2114489100928620e-04  -5.9733751434781768e-09
  -3.2388734249232690e-04  -6.2250778989046684e-09
  -3.2636485998339379e-04  -6.4453659719522841e-09
  -3.2757316297904113e-04  -6.4427495290826295e-09
  -3.2913827153544905e-04  -6.4944976879005578e-09
  -3.3074063314998280e-04  -6.2691295810201123e-09
  -3.3374318672420333e-04  -6.4441780480610847e-09
  -3.3652678911055703e-04  -6.5693587901352948e-09
  -3.3903143660613395e-04  -6.9138488300365258e-09
  -3.4042907120063794e-04  -6.9150285465172795e-09
  -3.4171044167894066e-04  -6.9829937166844547e-09
  -3.4324083208452593e-04  -6.8235350526380315e-09
  -3.4539147684263251e-04  -6.8592184378126614e-09
  -3.4830993201130276e-04  -6.9628688032299935e-09
  -3.5060531706391173e-04  -7.3322246225970833e-09
  -3.5230275920085391e-04  -7.4043756568761832e-09
  -3.5337017056835310e-04  -7.4423069751188009e-09
  -3.5482399319598632e-04  -7.4005957234786479e-09
  -3.5638538597769839e-04  -7.2562867632977590e-09
  -3.5917320947481592e-04  -7.4262218666132362e-09
  -3.6128045731486833e-04  -7.6951197304411106e-09
  -3.6319695189000365e-04  -7.8978992837895612e-09
  -3.6421292101893282e-04  -7.8982594820973737e-09
  -3.6550000583533866e-04  -7.9436925846899584e-09
  -3.6680821954234355e-04  -7.7182990319097852e-09
  -3.6911481380288411e-04  -7.9012120202679240e-09
  -3.7122072167397407e-04  -8.0376575538505801e-09
  -3.7314795534763211e-04  -8.3708266034911161e-09
  -3.7428196229506369e-04  -8.3682962262162167e-09
  -3.7535487981439251e-04  -8.4373909345781400e-09
  -3.7659147177107496e-04  -8.2652573153707554e-09
  -3.7830504506353320e-04  -8.3230262211322209e-09
  -3.8048567248510142e-04  -8.4226018443782705e-09
  -3.8225856947335195e-04  -8.7961933659206487e-09
  -3.8359270659785389e-04  -8.8559806838122562e-09
  -3.8449532472984761e-04  -8.8988031416315644e-09
  -3.8567166206439113e-04  -8.8432237225263138e-09
  -3.8694667814465029e-04  -8.7175899738962254e-09
  -3.8904421370711598e-04  -8.8792498050341284e-09
  -3.9066881882478217e-04  -9.1648157370463612e-09
  -3.9215063300047004e-04  -9.3501313070103870e-09
  -3.9299760102061009e-04  -9.3539881673709857e-09
  -3.9405233703847329e-04  -9.3921194091331831e-09
  -3.9511827617116002e-04  -9.1688099682074586e-09
  -3.9689832158674418e-04  -9.3573255242375419e-09
  -3.9849778978526425e-04  -9.5066127188229987e-09
  -3.9998450514238982e-04  -9.8270836659114513e-09
  -4.0089931575856803e-04  -9.8218355223033890e-09
  -4.0179314918237241e-04  -9.8913023237551592e-09
  -4.0279024315913723e-04  -9.7074292910699980e-09
  -4.0415701001164639e-04  -9.7863445435494162e-09
  -4.0579424875176692e-04  -9.8834967598342496e-09
  -4.0716817913911908e-04  -1.0259276103131987e-08
  -4.0821433433591448e-04  -1.0307691644456315e-08
  -4.0897246320004105e-04  -1.0355213922886436e-08
  -4.0992147467314226e-04  -1.0285364959576083e-08
  -4.1096078907425693e-04  -1.0179801635109773e-08
  -4.1254592257456595e-04  -1.0332622848259129e-08
  -4.1380281638834951e-04  -1.0634066114332576e-08
  -4.1494910906547720e-04  -1.0802113710353493e-08
  -4.1565104882353095e-04  -1.0809914478956614e-08
  -4.1651185099852219e-04  -1.0839769743050884e-08
  -4.1737903888784168e-04  -1.0620706905194351e-08
  -4.1875594361564063e-04  -1.0812589729711046e-08
  -4.1997636534113350e-04  -1.0976104355053459e-08
  -4.2112575687451494e-04  -1.1282664723289912e-08
  -4.2186158681512708e-04  -1.1275651754199915e-08
  -4.2260219172422374e-04  -1.1344680809349805e-08
  -4.2340496480780434e-04  -1.1150184633023849e-08
  -4.2449428690058714e-04  -1.1249033485087601e-08
  -4.2572957946565581e-04  -1.1345558370611311e-08
  -4.2679718250989497e-04  -1.1721466207262159e-08
  -4.2761711446007665e-04  -1.1759539745724752e-08
  -4.2825003735740767e-04  -1.1811494139745207e-08
  -4.2901354918931957e-04  -1.1727102990403103e-08
  -4.2985869640739863e-04  -1.1642770586495731e-08
  -4.3106085713881927e-04  -1.1786497815290467e-08
  -4.3203655543899369e-04  -1.2102780207602463e-08
  -4.3292424748373013e-04  -1.2253896924723992e-08
  -4.3350355598437352e-04  -1.2266014213341801e-08
  -4.3420311238599263e-04  -1.2286643180843028e-08
  -4.3490764567748067e-04  -1.2074013571719208e-08
  -4.3597379640429687e-04  -1.2267099698233877e-08
  -4.3690950781519623e-04  -1.2446007697868543e-08
  -4.3779975913786292e-04  -1.2737617373836593e-08
  -4.3839095644941769e-04  -1.2729746980697301e-08
  -4.3900125276923009e-04  -1.2797481414427575e-08
  -4.3964691861898754e-04  -1.2593654982783267e-08
  -4.4051355811705199e-04  -1.2710972773031376e-08
  -4.4145016470726955e-04  -1.2808770142843165e-08
  -4.4228150056711108e-04  -1.3182765806491609e-08
  -4.4292458316937111e-04  -1.3211553227723133e-08
  -4.4345006153038139e-04  -1.3267596945783569e-08
  -4.4406286509422396e-04  -1.3168531493002421e-08
  -4.4474817622706708e-04  -1.3106332660437967e-08
  -4.4566271366207013e-04  -1.3241020828174896e-08
  -4.4642245275224176e-04  -1.3570877168984224e-08
  -4.4711087620971884e-04  -1.3705529812836972e-08
  -4.4758744217936706e-04  -1.3722260224706233e-08
  -4.4815363771223178e-04  -1.3732748085394653e-08
  -4.4872524592784544e-04  -1.3528731667485777e-08
  -4.4955104810095564e-04  -1.3720971760470754e-08
  -4.5027188239007645e-04  -1.3916195528720053e-08
  -4.5096252340733067e-04  -1.4191991506789202e-08
  -4.5143748048740985e-04  -1.4184120090705160e-08
  -4.5193773664873151e-04  -1.4249661994206880e-08
  -4.5245670139535229e-04  -1.4037967653980979e-08
  -4.5314458553626568e-04  -1.4172064808802218e-08
  -4.5385818437086603e-04  -1.4273095363601107e-08
  -4.5450661598296882e-04  -1.4643185204210422e-08
  -4.5501174047554835e-04  -1.4663757359300970e-08
  -4.5544577754111202e-04  -1.4723474221507021e-08
  -4.5593666313221428e-04  -1.4609753739365690e-08
  -4.5649064974026126e-04  -1.4570314290913815e-08
  -4.5718840096119391e-04  -1.4696324213570727e-08
  -4.5778155151713522e-04  -1.5038286503327343e-08
  -4.5831634855564507e-04  -1.5157059452702328e-08
  -4.5870733549631946e-04  -1.5178622464169858e-08
  -4.5916387828021885e-04  -1.5178102178315528e-08
  -4.5962695781115546e-04  -1.4984839976825946e-08
  -4.6026663125657482e-04  -1.5174340222291055e-08
  -4.6082440909524323e-04  -1.5386540341637799e-08
  -4.6136096250178852e-04  -1.5645838640832889e-08
  -4.6174271138280294e-04  -1.5638766696999401e-08
  -4.6215072346331642e-04  -1.5701183807108332e-08
  -4.6256767260804407e-04  -1.5483243077300639e-08
  -4.6311231586535433e-04  -1.5632237014280397e-08
  -4.6365859128654039e-04  -1.5738478469475362e-08
  -4.6416501225033247e-04  -1.6102742052097330e-08
  -4.6456254677284723e-04  -1.6116174262627812e-08
  -4.6491933146151980e-04  -1.6179076805828037e-08
  -4.6531196901297825e-04  -1.6050881593136258e-08
  -4.6575835786622237e-04  -1.6034536242282189e-08
  -4.6629223980077102e-04  -1.6152523648151930e-08
  -4.6675634870856509e-04  -1.6504948207739407e-08
  -4.6717259033912867e-04  -1.6608530797835794e-08
  -4.6749257178889370e-04  -1.6635068048206046e-08
  -4.6785948499515926e-04  -1.6622733026313251e-08
  -4.6823402722363143e-04  -1.6442293977953285e-08
  -4.6872955023257091e-04  -1.6627353708513828e-08
  -4.6916289212618344e-04  -1.6856916388902250e-08
  -4.6958029109955536e-04  -1.7099211345461551e-08
  -4.6988732274216898e-04  -1.7093679175253507e-08
  -4.7021857002404706e-04  -1.7152012270660495e-08
  -4.7055345095529195e-04  -1.6929592310606541e-08
  -4.7098363636472910e-04  -1.7091443618786999e-08
  -4.7140373098298498e-04  -1.7204846934930004e-08
  -4.7179964012998587e-04  -1.7561460717054056e-08
  -4.7211318341376673e-04  -1.7568822924143683e-08
  -4.7240514062595800e-04  -1.7634354893968258e-08
  -4.7271885916122498e-04  -1.7492034439501626e-08
  -4.7307739218992428e-04  -1.7498817760476862e-08
  -4.7348707841833316e-04  -1.7609715987276439e-08
  -4.7385085695843601e-04  -1.7970812911881871e-08
  -4.7417548402366676e-04  -1.8059986503027661e-08
  -4.7443672274397937e-04  -1.8091561372916495e-08
  -4.7473077885286456e-04  -1.8066678494715015e-08
  -4.7503316289229024e-04  -1.7901026000822877e-08
  -4.7541710001393128e-04  -1.8080171238204351e-08
  -4.7575494899151818e-04  -1.8327201580675169e-08
  -4.7608007331188015e-04  -1.8552162740510109e-08
  -4.7632715976267766e-04  -1.8548846698733003e-08
  -4.7659496850204272e-04  -1.8602117712960414e-08
  -4.7686385055443922e-04  -1.8377114569239489e-08
  -4.7720288105845555e-04  -1.8549666743719780e-08
  -4.7752732814234581e-04  -1.8672113356898480e-08
  -4.7783708925650860e-04  -1.9019371557283532e-08
  -4.7808493998037521e-04  -1.9021719199221153e-08
  -4.7832283818052536e-04  -1.9089258555056617e-08
  -4.7857332261015424e-04  -1.8933337923615796e-08
  -4.7886039422000316e-04  -1.8962980872735437e-08
  -4.7917570574418377e-04  -1.9067977693326688e-08
  -4.7946122976166372e-04  -1.9435841850214478e-08
  -4.7971494350120762e-04  -1.9511466833703472e-08
  -4.7992770598955490e-04  -1.9548064345399976e-08
  -4.8016283358279661e-04  -1.9509987110241656e-08
  -4.8040648334271092e-04  -1.9360946003528501e-08
  -4.8070409542940400e-04  -1.9532958071854546e-08
  -4.8096827852997932e-04  -1.9797279128758519e-08
  -4.8122185369062263e-04  -2.0004745998722546e-08
  -4.8142077957325299e-04  -2.0004255283289848e-08
  -4.8163650343334278e-04  -2.0051476137903507e-08
  -4.8185231054241395e-04  -1.9825894822991103e-08
  -4.8211899322001282e-04  -2.0006916646064972e-08
  -4.8237056137443839e-04  -2.0140177650726683e-08
  -4.8261308121330730e-04  -2.0476510134074914e-08
  -4.8280942493735088e-04  -2.0474875726513367e-08
  -4.8300251192577364e-04  -2.0543738091325509e-08
  -4.8320242115768177e-04  -2.0374922258484945e-08
  -4.8343160053660546e-04  -2.0426854604712122e-08
  -4.8367500002200804e-04  -2.0527363611862193e-08
  -4.8389933071523328e-04  -2.0900006522531558e-08
  -4.8409804920567846e-04  -2.0963009372755755e-08
  -4.8427090510752812e-04  -2.1004536411724749e-08
  -4.8445857482615060e-04  -2.0952718171704694e-08
  -4.8465449470428437e-04  -2.0821942823580353e-08
  -4.8488535588446340e-04  -2.0985881489066043e-08
  -4.8509244207550501e-04  -2.1267038973079265e-08
  -4.8529047313830147e-04  -2.1457013882147068e-08
  -4.8545064783487663e-04  -2.1459887734128109e-08
  -4.8562386256045348e-04  -2.1500069903894123e-08
  -4.8579698351526910e-04  -2.1276001455311326e-08
  -4.8600643275359108e-04  -2.1463231229855786e-08
  -4.8620218829253817e-04  -2.1608929418504182e-08
  -4.8639217513295050e-04  -2.1932916476714512e-08
  -4.8654802191786109e-04  -2.1928301903884756e-08
  -4.8670417242965787e-04  -2.1997744606449578e-08
  -4.8686367886849975e-04  -2.1816920493496553e-08
  -4.8704614849963580e-04  -2.1890279193145269e-08
  -4.8723459098144885e-04  -2.1987906516254645e-08
  -4.8741097368106614e-04  -2.2363288394830656e-08
  -4.8756695047433361e-04  -2.2414648982271683e-08
  -4.8770703777911213e-04  -2.2460934862131472e-08
  -4.8785662415294027e-04  -2.2394941801072259e-08
  -4.8801383295451919e-04  -2.2283886072331505e-08
  -4.8819308867791548e-04  -2.2439106676388175e-08
  -4.8835573735684940e-04  -2.2736379007596771e-08
  -4.8851059899026597e-04  -2.2909018372856832e-08
  -4.8863955151817512e-04  -2.2915723786208139e-08
  -4.8877825690527086e-04  -2.2947888568547459e-08
  -4.8891704476165723e-04  -2.2727484303721422e-08
  -4.8908135075198382e-04  -2.2918674898435992e-08
  -4.8923415571943351e-04  -2.3078250433730338e-08
  -4.8938307211908287e-04  -2.3388634445950691e-08
  -4.8950698659488143e-04  -2.3382003960402062e-08
  -4.8963285243381065e-04  -2.3451230583208631e-08
  -4.8976010410629411e-04  -2.3259466481974009e-08
  -4.8990503438503736e-04  -2.3353110019559697e-08
  -4.9005134671694360e-04  -2.3449617097713246e-08
  -4.9019010327843479e-04  -2.3825678420203583e-08
  -4.9031278491046553e-04  -2.3866417689908694e-08
  -4.9042603719233935e-04  -2.3917215004180294e-08
  -4.9054515052067459e-04  -2.3836738792006040e-08
  -4.9067103319362139e-04  -2.3746628592322128e-08
  -4.9081038560548282e-04  -2.3892792762607480e-08
  -4.9093832850278184e-04  -2.4205206052181627e-08
  -4.9105959808221382e-04  -2.4360810295213919e-08
  -4.9116336926619160e-04  -2.4371740078767828e-08
  -4.9127419040373833e-04  -2.4394929530645662e-08
  -4.9138536597378480e-04  -2.4180372828379662e-08
  -4.9151415498039795e-04  -2.4373336609075959e-08
  -4.9163375745892002e-04  -2.4548016975493164e-08
  -4.9175054753064008e-04  -2.4843710942417871e-08
  -4.9184921200332791e-04  -2.4835984825254294e-08
  -4.9195036907822892e-04  -2.4904150405314143e-08
  -4.9205187834368183e-04  -2.4702692664091593e-08
  -4.9216675069626008e-04  -2.4815221203421112e-08
  -4.9228066176148643e-04  -2.4912484462174568e-08
  -4.9238986015591479e-04  -2.5287176445560992e-08
  -4.9248654251857541e-04  -2.5318344546430317e-08
  -4.9257788106473735e-04  -2.5373330412659448e-08
  -4.9267266457439919e-04  -2.5278200197105527e-08
  -4.9277325881098594e-04  -2.5210009345377239e-08
  -4.9288173947488391e-04  -2.5347089082044909e-08
  -4.9298249938967934e-04  -2.5673436548022920e-08
  -4.9307759620063516e-04  -2.5812438955588948e-08
  -4.9316104623603712e-04  -2.5827910219073692e-08
  -4.9324942678258710e-04  -2.5841198734327143e-08
  -4.9333840192147902e-04  -2.5634674714653145e-08
  -4.9343930520397139e-04  -2.5827327267092734e-08
  -4.9353313490682323e-04  -2.6018102212521481e-08
  -4.9362478336795396e-04  -2.6298195299158042e-08
  -4.9370342955334392e-04  -2.6290244222620419e-08
  -4.9378451809770291e-04  -2.6356461093365695e-08
  -4.9386548338977202e-04  -2.6146727772594254e-08
  -4.9395636968015675e-04  -2.6276508791750475e-08
  -4.9404528024611443e-04  -2.6376477149886272e-08
  -4.9413124125970110e-04  -2.6747790646220945e-08
  -4.9420757142679605e-04  -2.6770455615839940e-08
  -4.9428106719381839e-04  -2.6829233254629069e-08
  -4.9435645705363435e-04  -2.6719426799684705e-08
  -4.9443668848627950e-04  -2.6673856876415804e-08
  -4.9452126313162656e-04  -2.6802131980821486e-08
  -4.9460068364563976e-04  -2.7140997184405512e-08
  -4.9467536060262900e-04  -2.7263951952408855e-08
  -4.9474240935319029e-04  -2.7284204942991212e-08
  -4.9481279128585419e-04  -2.7286711357663376e-08
  -4.9488392680141220e-04  -2.7090374953497517e-08
  -4.9496297070980664e-04  -2.7280776781048524e-08
  -4.9503672145494767e-04  -2.7488378503319824e-08
  -4.9510868577134300e-04  -2.7752138676961219e-08
  -4.9517142471516915e-04  -2.7744778647166395e-08
  -4.9523628011260729e-04  -2.7808122922195685e-08
  -4.9530084871951682e-04  -2.7591694341301022e-08
  -4.9537265216590667e-04  -2.7736893292904484e-08
  -4.9544221024279704e-04  -2.7841544460085327e-08
  -4.9550989412426257e-04  -2.8207536771846300e-08
  -4.9557025368360957e-04  -2.8222773862840618e-08
  -4.9562926407464077e-04  -2.8284874587576787e-08
  -4.9568921227269021e-04  -2.8160528275683779e-08
  -4.9575308882583821e-04  -2.8137993026517913e-08
  -4.9581912893926258e-04  -2.8258041832591833e-08
  -4.9588176793310794e-04  -2.8607825110129464e-08
  -4.9594049045102891e-04  -2.8715394839403698e-08
  -4.9599430537915060e-04  -2.8740592081808250e-08
  -4.9605029158439893e-04  -2.8731492274312181e-08
  -4.9610710277949777e-04  -2.8547435234195333e-08
  -4.9616903058288429e-04  -2.8733830325288964e-08
  -4.9622708853797254e-04  -2.8958719407146637e-08
  -4.9628363437764821e-04  -2.9205593430432428e-08
  -4.9633370830562558e-04  -2.9199581335313807e-08
  -4.9638548078851925e-04  -2.9259100114758727e-08
  -4.9643696124481926e-04  -2.9037706214258933e-08
  -4.9649362281245946e-04  -2.9196321633343653e-08
  -4.9654815373654127e-04  -2.9307618218139125e-08
  -4.9660145750372647e-04  -2.9666437482804564e-08
  -4.9664925522578619e-04  -2.9675319141450954e-08
  -4.9669653997419007e-04  -2.9740204743550561e-08
  -4.9674420199967960e-04  -2.9601622164652890e-08
  -4.9679497535067268e-04  -2.9602237002802900e-08
  -4.9684662442059683e-04  -2.9714920745022889e-08
  -4.9689604891860878e-04  -3.0073868099067709e-08
  -4.9694228708645216e-04  -3.0166810894346335e-08
  -4.9698543086420513e-04  -3.0197036738092639e-08
  -4.9702992874833796e-04  -3.0175576556587536e-08
  -4.9707524946172616e-04  -3.0005794011901850e-08
  -4.9712378446197826e-04  -3.0186644555101755e-08
  -4.9716954460460392e-04  -3.0429001630590848e-08
  -4.9721400700448743e-04  -3.0658612567191663e-08
  -4.9725398174453735e-04  -3.0654642306331137e-08
  -4.9729524395772449e-04  -3.0709361594459528e-08
  -4.9733627639671316e-04  -3.0484866019551971e-08
  -4.9738095012015872e-04  -3.0654768394490148e-08
  -4.9742377824793993e-04  -3.0774614744565054e-08
  -4.9746576581703294e-04  -3.1124521589274805e-08
  -4.9750366109438198e-04  -3.1128108131796110e-08
  -4.9754148068978669e-04  -3.1195173764032164e-08
  -4.9757937123722396e-04  -3.1042832592345117e-08
  -4.9761967136710582e-04  -3.1066409635332332e-08
  -4.9766012818326601e-04  -3.1172850789942287e-08
  -4.9769913718880642e-04  -3.1539084573367973e-08
  -4.9773559116947895e-04  -3.1618241065275998e-08
  -4.9777013836047458e-04  -3.1653501464910805e-08
  -4.9780548414190813e-04  -3.1619009888323758e-08
  -4.9784159805579635e-04  -3.1465367119026637e-08
  -4.9787965679065095e-04  -3.1639383530658594e-08
  -4.9791575813791001e-04  -3.1899106825504335e-08
  -4.9795074521918089e-04  -3.2111249325468723e-08
  -4.9798265759193859e-04  -3.2109948424458544e-08
  -4.9801549965452975e-04  -3.2158881785619362e-08
  -4.9804819173845905e-04  -3.1933262795331985e-08
  -4.9808339226001047e-04  -3.2112236316990221e-08
  -4.9811708189734130e-04  -3.2242437108111026e-08
  -4.9815016318381872e-04  -3.2581823347492024e-08
  -4.9818023670600026e-04  -3.2581154333060497e-08
  -4.9821043605830070e-04  -3.2649731828955988e-08
  -4.9824055663061893e-04  -3.2484288755110259e-08
  -4.9827250403481011e-04  -3.2530337630760388e-08
  -4.9830424106758579e-04  -3.2631892665216031e-08
  -4.9833503538655613e-04  -3.3003443296515146e-08
  -4.9836380932379520e-04  -3.3069723672017430e-08
  -4.9839143928874941e-04  -3.3109946360587034e-08
  -4.9841950372567462e-04  -3.3061848692702948e-08
  -4.9844824985738638e-04  -3.2926048858217781e-08
  -4.9847811343848919e-04  -3.3092214433982914e-08
  -4.9850661502785407e-04  -3.3368922973094420e-08
  -4.9853416706433353e-04  -3.3563556633086321e-08
  -4.9855963822222342e-04  -3.3565483348167204e-08
  -4.9858575046335201e-04  -3.3607641275706750e-08
  -4.9861178552107921e-04  -3.3382969587660363e-08
  -4.9863951107349293e-04  -3.3568756040180427e-08
  -4.9866604727786124e-04  -3.3710977423288303e-08
  -4.9869211817307388e-04  -3.4038381689313092e-08
  -4.9871600244616866e-04  -3.4034468036491135e-08
  -4.9874008191968535e-04  -3.4103829769102992e-08
  -4.9876402438211011e-04  -3.3926123151452672e-08
  -4.9878932353072849e-04  -3.3993857790530838e-08
  -4.9881425480371013e-04  -3.4092085079463763e-08
  -4.9883856746616470e-04  -3.4466923109978571e-08
  -4.9886130366896386e-04  -3.4521294312831081e-08
  -4.9888337507417353e-04  -3.4566329230466437e-08
  -4.9890565209338700e-04  -3.4504160211943843e-08
  -4.9892850985680417e-04  -3.4387713723641258e-08
  -4.9895196065157638e-04  -3.4545303422093415e-08
  -4.9897447409488717e-04  -3.4838345702096866e-08
  -4.9899618777168658e-04  -3.5015586702293738e-08
  -4.9901651078521178e-04  -3.5021227598464044e-08
  -4.9903725475454192e-04  -3.5055627588373613e-08
  -4.9905797770066730e-04  -3.4834041352359985e-08
  -4.9907981168717573e-04  -3.5024385027534848e-08
  -4.9910073631744521e-04  -3.5180119274539137e-08
  -4.9912128842546433e-04  -3.5494239507835937e-08
  -4.9914026776269940e-04  -3.5488056298292603e-08
  -4.9915944331320342e-04  -3.5557419620778526e-08
  -4.9917847329278731e-04  -3.5368469658873455e-08
  -4.9919849025208574e-04  -3.5456821055059561e-08
  -4.9921810013809481e-04  -3.5553444593439988e-08
  -4.9923729724235771e-04  -3.5929512479798698e-08
  -4.9925527973434397e-04  -3.5972985788193697e-08
  -4.9927289068998752e-04  -3.6022605884203189e-08
  -4.9929057077403535e-04  -3.5946022426095077e-08
  -4.9930872878259575e-04  -3.5850218741448163e-08
  -4.9932715875605381e-04  -3.5998811661859878e-08
  -4.9934494877416913e-04  -3.6307279357257125e-08
  -4.9936207425372236e-04  -3.6467390740393263e-08
  -4.9937828217731513e-04  -3.6477158660373071e-08
  -4.9939475083071987e-04  -3.6502835994438494e-08
  -4.9941123643520730e-04  -3.6286513180935204e-08
  -4.9942843062017581e-04  -3.6479205935482928e-08
  -4.9944494505547500e-04  -3.6649740162738968e-08
  -4.9946115190347144e-04  -3.6949442976737419e-08
  -4.9947623921306754e-04  -3.6941922943530166e-08
  -4.9949149308453253e-04  -3.7010455212365713e-08
  -4.9950661675609112e-04  -3.6811461354298823e-08
  -4.9952244340154385e-04  -3.6919096190130354e-08
  -4.9953788532785821e-04  -3.7015966015551023e-08
  -4.9955304446569623e-04  -3.7391208951233386e-08
  -4.9956727892097271e-04  -3.7424827983487639e-08
  -4.9958131577144656e-04  -3.7478730347830468e-08
  -4.9959534610648140e-04  -3.7387523736881825e-08
  -4.9960975795369290e-04  -3.7313406253572205e-08
  -4.9962425408653962e-04  -3.7452891475339180e-08
  -4.9963831527508387e-04  -3.7775637733335199e-08
  -4.9965183200205193e-04  -3.7919018480605908e-08
  -4.9966475108284276e-04  -3.7933250930676822e-08
  -4.9967781922463151e-04  -3.7949270092259985e-08
  -4.9969092641041681e-04  -3.7740398695302116e-08
  -4.9970446852510436e-04  -3.7933324115841348e-08
  -4.9971751152065515e-04  -3.8119713844145774e-08
  -4.9973029637330707e-04  -3.8404040863105997e-08
  -4.9974229230371179e-04  -3.8396068555504592e-08
  -4.9975441554779814e-04  -3.8462892768009217e-08
  -4.9976643289927796e-04  -3.8255228208524186e-08
  -4.9977893979246681e-04  -3.8380573082761119e-08
  -4.9979111186151113e-04  -3.8479623226932852e-08
  -4.9980308339602625e-04  -3.8852018510813352e-08
  -4.9981435888498771e-04  -3.8876847740306093e-08
  -4.9982553593891301e-04  -3.8934655096213404e-08
  -4.9983666929874580e-04  -3.8828762406414342e-08
  -4.9984809884220298e-04  -3.8777107168818346e-08
  -4.9985951018115835e-04  -3.8907683006178875e-08
  -4.9987062600145317e-04  -3.9243344728771140e-08
  -4.9988130188226157e-04  -3.9370518030825211e-08
  -4.9989159339739267e-04  -3.9389475888678208e-08
  -4.9990195953990518e-04  -3.9394942530140628e-08
  -4.9991237463181443e-04  -3.9195688995678768e-08
  -4.9992304293807713e-04  -3.9386864757531836e-08
  -4.9993334988854775e-04  -3.9589912650050615e-08
  -4.9994343912603283e-04  -3.9858083903483374e-08
  -4.9995297777893834e-04  -3.9850490494400433e-08
  -4.9996260571536335e-04  -3.9914691639668549e-08
  -4.9997215291618666e-04  -3.9699894708884048e-08
  -4.9998203263319156e-04  -3.9841165504618352e-08
  -4.9999163558200953e-04  -3.9944370543751155e-08
  -5.0000109070419483e-04  -4.0311955004776120e-08
  -5.0001002743415787e-04  -4.0329068906543204e-08
  -5.0001891938849694e-04  -4.0390331470683757e-08
  -5.0002775359474184e-04  -4.0269845875441634e-08
  -5.0003681173405869e-04  -4.0241144739572646e-08
  -5.0004580184300287e-04  -4.0363311179622725e-08
  -5.0005459021849115e-04  -4.0710334669427813e-08
  -5.0006302780579426e-04  -4.0821935511602125e-08
  -5.0007122113746559e-04  -4.0845802144339090e-08
  -5.0007944193896357e-04  -4.0839875559270031e-08
  -5.0008771316988575e-04  -4.0652352017653270e-08
  -5.0009612023330769e-04  -4.0839969347853701e-08
  -5.0010426848675683e-04  -4.1060209588395132e-08
  -5.0011223362666374e-04  -4.1311624189013449e-08
  -5.0011981802144262e-04  -4.1305182850665326e-08
  -5.0012745963908900e-04  -4.1365814897140890e-08
  -5.0013504268817577e-04  -4.1145577254131024e-08
  -5.0014284514778734e-04  -4.1300813138716273e-08
  -5.0015042681880446e-04  -4.1410144217086595e-08
  -5.0015789533947475e-04  -4.1771039284714713e-08
  -5.0016498161468482e-04  -4.1781512133323012e-08
  -5.0017205003991384e-04  -4.1845709919949639e-08
  -5.0017905964353090e-04  -4.1710889695846000e-08
  -5.0018623417739700e-04  -4.1705338388819090e-08
  -5.0019332206229124e-04  -4.1819883185860614e-08
  -5.0020027080388118e-04  -4.2176552476750652e-08
  -5.0020694333076398e-04  -4.2273314850146612e-08
  -5.0021346223977196e-04  -4.2302195501922948e-08
  -5.0021998062519757e-04  -4.2284101504051763e-08
  -5.0022654571147546e-04  -4.2110332366192445e-08
  -5.0023317333618698e-04  -4.2292791928733725e-08
  -5.0023961700006072e-04  -4.2530480343907703e-08
  -5.0024590777416646e-04  -4.2764714629629601e-08
  -5.0025193746969677e-04  -4.2760136502581134e-08
  -5.0025799966332937e-04  -4.2816230137309591e-08
  -5.0026402109306972e-04  -4.2592381733954493e-08
  -5.0027018222317517e-04  -4.2759483095781980e-08
  -5.0027617174087393e-04  -4.2876864489449495e-08
  -5.0028207186853630e-04  -4.3229298604652820e-08
  -5.0028769275049974e-04  -4.3234194960976684e-08
  -5.0029330771951075e-04  -4.3300740510971575e-08
  -5.0029886933119962e-04  -4.3152016407301159e-08
  -5.0030454916911852e-04  -4.3169508070800729e-08
  -5.0031014115239339e-04  -4.3277486587336815e-08
  -5.0031563560353300e-04  -4.3641953718508326e-08
  -5.0032091509610431e-04  -4.3724697617263629e-08
  -5.0032609867630058e-04  -4.3758619145718713e-08
  -5.0033126665323944e-04  -4.3727663173449664e-08
  -5.0033647486196397e-04  -4.3569551778704571e-08
  -5.0034170184957798e-04  -4.3745494986515733e-08
  -5.0034679864497571e-04  -4.4000605032450991e-08
  -5.0035176902602483e-04  -4.4217408433637646e-08
  -5.0035656171910654e-04  -4.4215339141092172e-08
  -5.0036136915831866e-04  -4.4265910231484733e-08
  -5.0036614922634377e-04  -4.4040401062420652e-08
  -5.0037101411878058e-04  -4.4217170630370985e-08
  -5.0037574820935109e-04  -4.4344437719165582e-08
  -5.0038041004359449e-04  -4.4686765849634956e-08
  -5.0038486961801962e-04  -4.4687131744232562e-08
  -5.0038932734937857e-04  -4.4755373322202634e-08
  -5.0039373982892134e-04  -4.4593354034893305e-08
  -5.0039823459307466e-04  -4.4633478466448405e-08
  -5.0040264911201679e-04  -4.4736187894975701e-08
  -5.0040699380172798e-04  -4.5106504426104671e-08
  -5.0041117301442698e-04  -4.5176122857783912e-08
  -5.0041529245765308e-04  -4.5215033812754171e-08
  -5.0041938952856749e-04  -4.5170614129111039e-08
  -5.0042351935549443e-04  -4.5029910145598893e-08
  -5.0042764348195176e-04  -4.5198245332317595e-08
  -5.0043167555081480e-04  -4.5470469816591592e-08
  -5.0043560422305812e-04  -4.5669758686720137e-08
  -5.0043941270118213e-04  -4.5670775273057816e-08
  -5.0044322403432814e-04  -4.5714834043470223e-08
  -5.0044701754718452e-04  -4.5489712769959494e-08
  -5.0045085908206888e-04  -4.5673898987561024e-08
  -5.0045460239066231e-04  -4.5812758692653950e-08
  -5.0045828647127862e-04  -4.6143478785566974e-08
  -5.0046182518490490e-04  -4.6140333649614083e-08
  -5.0046536240943033e-04  -4.6209558972679088e-08
  -5.0046886292151387e-04  -4.6035034430183357e-08
  -5.0047241878484856e-04  -4.6097083273135067e-08
  -5.0047590567579619e-04  -4.6196031751885927e-08
  -5.0047934132874171e-04  -4.6570180817131351e-08
  -5.0048265086583812e-04  -4.6627626952870302e-08
  -5.0048592290575144e-04  -4.6671397933091725e-08
  -5.0048917085995933e-04  -4.6613018798665785e-08
  -5.0049244420043398e-04  -4.6491287046383258e-08
  -5.0049569956389173e-04  -4.6651209858789185e-08
  -5.0049888965403517e-04  -4.6939968164250341e-08
  -5.0050199610661720e-04  -4.7121817852227577e-08
  -5.0050502160135432e-04  -4.7126426277414174e-08
  -5.0050804260771704e-04  -4.7162987206394655e-08
  -5.0051105228518587e-04  -4.6940376872040175e-08
  -5.0051408605409622e-04  -4.7129718675127143e-08
  -5.0051704686921762e-04  -4.7281713019863350e-08
  -5.0051995882661494e-04  -4.7599479345377359e-08
  -5.0052276701656050e-04  -4.7593808590821324e-08
  -5.0052557264991385e-04  -4.7663249101996714e-08
  -5.0052834941358214e-04  -4.7477191320293571e-08
  -5.0053116186844510e-04  -4.7560169236606810e-08
  -5.0053391736388272e-04  -4.7657040591511483e-08
  -5.0053663429384249e-04  -4.8032968814307360e-08
  -5.0053925598137383e-04  -4.8079243435703370e-08
  -5.0054185369016616e-04  -4.8127667770991520e-08
  -5.0054442844394320e-04  -4.8054952285991014e-08
  -5.0054702195554042e-04  -4.7953543835018569e-08
  -5.0054959263860636e-04  -4.8104551435106113e-08
  -5.0055211673772737e-04  -4.8409001963370564e-08
  -5.0055457391206040e-04  -4.8573637418921137e-08
  -5.0055697665055349e-04  -4.8582270403330942e-08
  -5.0055937086979237e-04  -4.8610362834056349e-08
  -5.0056175796899210e-04  -4.8392433908174548e-08
  -5.0056415419200313e-04  -4.8584705835828974e-08
  -5.0056649664801495e-04  -4.8751179550308305e-08
  -5.0056879877493027e-04  -4.9054812886013474e-08
  -5.0057102725188337e-04  -4.9047561254860275e-08
  -5.0057325185492551e-04  -4.9116396986462890e-08
  -5.0057545425832102e-04  -4.8919958240767683e-08
  -5.0057767838660046e-04  -4.9022600017898342e-08
  -5.0057985678413465e-04  -4.9119214944677754e-08
  -5.0058200545797756e-04  -4.9494863594559332e-08
  -5.0058408279562842e-04  -4.9531002987253034e-08
  -5.0058614426164226e-04  -4.9583797811429513e-08
  -5.0058818530779813e-04  -4.9496500309628363e-08
  -5.0059023952025799e-04  -4.9416526466975960e-08
  -5.0059227033086079e-04  -4.9558425162027006e-08
  -5.0059426755901860e-04  -4.9877482432756325e-08
  -5.0059621178525911e-04  -5.0025267588722430e-08
  -5.0059811935045302e-04  -5.0038282874728494e-08
  -5.0060001664062261e-04  -5.0056962228473695e-08
  -5.0060190940792769e-04  -4.9845903314096017e-08
  -5.0060380242187771e-04  -5.0038960033686741e-08
  -5.0060565599388226e-04  -5.0221032760265454e-08
  -5.0060747638402004e-04  -5.0509527533908714e-08
  -5.0060924473053321e-04  -5.0501593067239954e-08
  -5.0061100815690580e-04  -5.0568958140720377e-08
  -5.0061275477812379e-04  -5.0363466248771679e-08
  -5.0061451349251351e-04  -5.0484259552191317e-08
  -5.0061623624213334e-04  -5.0582534153430225e-08
  -5.0061793562222701e-04  -5.0955868961702171e-08
  -5.0061958196089202e-04  -5.0982933258144139e-08
  -5.0062121726433253e-04  -5.1039740865481929e-08
  -5.0062283519669473e-04  -5.0937758541312259e-08
  -5.0062446181268702e-04  -5.0880068468216015e-08
  -5.0062606671785542e-04  -5.1012974703495452e-08
  -5.0062764709365765e-04  -5.1345330672305026e-08
  -5.0062918589621058e-04  -5.1476756890954378e-08
  -5.0063069986580513e-04  -5.1494435923562891e-08
  -5.0063220327083244e-04  -5.1502795585483922e-08
  -5.0063370367007132e-04  -5.1300782295273482e-08
  -5.0063519946387644e-04  -5.1492601555293629e-08
  -5.0063666637499755e-04  -5.1691145149185616e-08
  -5.0063810613827794e-04  -5.1963673599296489e-08
  -5.0063950923047841e-04  -5.1955902270793899e-08
  -5.0064090679278919e-04  -5.2020891001119951e-08
  -5.0064229175955644e-04  -5.1807841549449986e-08
  -5.0064368240173521e-04  -5.1945054995784258e-08
  -5.0064504519058595e-04  -5.2046957600953431e-08
  -5.0064638932816670e-04  -5.2415996748609965e-08
  -5.0064769427539608e-04  -5.2435058934575951e-08
  -5.0064899109424229e-04  -5.2495448591609664e-08
  -5.0065027358888717e-04  -5.2378832145942925e-08
  -5.0065156133091639e-04  -5.2343994769469757e-08
  -5.0065283007384330e-04  -5.2468329395289649e-08
  -5.0065408062463556e-04  -5.2812478251078668e-08
  -5.0065529885369366e-04  -5.2928152070017866e-08
  -5.0065650008157211e-04  -5.2950698930988999e-08
  -5.0065769132651193e-04  -5.2947882571321818e-08
  -5.0065888039771064e-04  -5.2757044997388258e-08
  -5.0066006258393163e-04  -5.2945767929852075e-08
  -5.0066122359813850e-04  -5.3161389313880966e-08
  -5.0066236255558801e-04  -5.3417302883513457e-08
  -5.0066347569976456e-04  -5.3410483815308392e-08
  -5.0066458312889495e-04  -5.3472157577000648e-08
  -5.0066568116169472e-04  -5.3253202972553329e-08
  -5.0066678077364114e-04  -5.3404918969415273e-08
  -5.0066785905690991e-04  -5.3512426157896649e-08
  -5.0066892230562674e-04  -5.3875266013388504e-08
  -5.0066995674927662e-04  -5.3887401508037613e-08
  -5.0067098486135701e-04  -5.3950871586622845e-08
  -5.0067200142513894e-04  -5.3819834613683809e-08
  -5.0067302071399691e-04  -5.3808125340809587e-08
  -5.0067402400368988e-04  -5.3924601338059541e-08
  -5.0067501358129008e-04  -5.4278867206544908e-08
  -5.0067597823012821e-04  -5.4379497615390099e-08
  -5.0067693105338047e-04  -5.4407038383450304e-08
  -5.0067787493113637e-04  -5.4392252753806929e-08
  -5.0067881706000131e-04  -5.4214642161666202e-08
  -5.0067975159890125e-04  -5.4398610259691511e-08
  -5.0068067056142321e-04  -5.4631640008942842e-08
  -5.0068157173867138e-04  -5.4870468124646951e-08
  -5.0068245472491843e-04  -5.4865329434717648e-08
  -5.0068333214927112e-04  -5.4922724194235613e-08
  -5.0068420256149388e-04  -5.4699659485604214e-08
  -5.0068507208836756e-04  -5.4863811175458015e-08
  -5.0068592541333348e-04  -5.4978864100110707e-08
  -5.0068676655268631e-04  -5.5333702379638250e-08
  -5.0068758660606720e-04  -5.5339979353262285e-08
  -5.0068840150125922e-04  -5.5405959969090021e-08
  -5.0068920723844029e-04  -5.5260886785697509e-08
  -5.0069001393291041e-04  -5.5272279549057821e-08
  -5.0069080751408818e-04  -5.5381883517862350e-08
  -5.0069159059549422e-04  -5.5744450291449893e-08
  -5.0069235458632597e-04  -5.5830835781465506e-08
  -5.0069311017944030e-04  -5.5863418199891129e-08
  -5.0069385804565663e-04  -5.5835946175235990e-08
  -5.0069460436577356e-04  -5.5673501568858502e-08
  -5.0069534329728221e-04  -5.5851289255883126e-08
  -5.0069607070053214e-04  -5.6101776014063146e-08
  -5.0069678387239008e-04  -5.6323222544988998e-08
  -5.0069748417922810e-04  -5.6320427668245764e-08
  -5.0069817931066370e-04  -5.6372562238886370e-08
  -5.0069886918252765e-04  -5.6147307693618295e-08
  -5.0069955681761400e-04  -5.6321719358091125e-08
  -5.0070023220925570e-04  -5.6446181255801961e-08
  -5.0070089770602494e-04  -5.6791337322615633e-08
  -5.0070154781025787e-04  -5.6792807706759936e-08
  -5.0070219358547296e-04  -5.6860663792852872e-08
  -5.0070283218385818e-04  -5.6702115438936676e-08
  -5.0070347056674943e-04  -5.6736280391054064e-08
  -5.0070409841225115e-04  -5.6840248180509839e-08
  -5.0070471810235377e-04  -5.7209190787118648e-08
  -5.0070532326285035e-04  -5.7282206314553628e-08
  -5.0070592231335801e-04  -5.7319799714626238e-08
  -5.0070651486634635e-04  -5.7279013520976363e-08
  -5.0070710597026075e-04  -5.7133528746033078e-08
  -5.0070769035905885e-04  -5.7303971011802950e-08
  -5.0070826614812480e-04  -5.7571681701357007e-08
  -5.0070883063405198e-04  -5.7775619285841719e-08
  -5.0070938596565235e-04  -5.7775763857913047e-08
  -5.0070993664527697e-04  -5.7821648894243460e-08
  -5.0071048334304248e-04  -5.7596229454401696e-08
  -5.0071102718560905e-04  -5.7778659373012436e-08
  -5.0071156180139873e-04  -5.7914275228146753e-08
  -5.0071208838908126e-04  -5.8248207382861211e-08
  -5.0071260375594612e-04  -5.8245898548314051e-08
  -5.0071311543248591e-04  -5.8314933424979086e-08
  -5.0071362153008658e-04  -5.8143651566599369e-08
  -5.0071412668977703e-04  -5.8199958677482982e-08
  -5.0071462350573205e-04  -5.8299745795829978e-08
  -5.0071511391133804e-04  -5.8673062182856492e-08
  -5.0071559331607541e-04  -5.8733646278105733e-08
  -5.0071606815936293e-04  -5.8776141907625375e-08
  -5.0071653764853995e-04  -5.8721516299552017e-08
  -5.0071700574776991e-04  -5.8594608430464351e-08
  -5.0071746800561953e-04  -5.8756822793716926e-08
  -5.0071792378878508e-04  -5.9041248426502588e-08
  -5.0071837065727921e-04  -5.9227711005386749e-08
  -5.0071881095478318e-04  -5.9231320188543081e-08
  -5.0071924718368558e-04  -5.9269967907574217e-08
  -5.0071968035984708e-04  -5.9046489635661975e-08
  -5.0072011052408746e-04  -5.9234674585381501e-08
  -5.0072053373872831e-04  -5.9383033786282458e-08
  -5.0072095045729128e-04  -5.9704353442711564e-08
  -5.0072135899521830e-04  -5.9699260671129510e-08
  -5.0072176437142898e-04  -5.9768720197042602e-08
  -5.0072216543195144e-04  -5.9585628652296038e-08
  -5.0072256515966559e-04  -5.9663157309076086e-08
  -5.0072295835251778e-04  -5.9760404740754648e-08
  -5.0072334646025524e-04  -6.0136047907500580e-08
  -5.0072372627372823e-04  -6.0185190038620183e-08
  -5.0072410259624760e-04  -6.0232401657674475e-08
  -5.0072447457487465e-04  -6.0163526876579054e-08
  -5.0072484522037082e-04  -6.0056606616715365e-08
  -5.0072521093644576e-04  -6.0210009034003358e-08
  -5.0072557172908144e-04  -6.0510375787066126e-08
  -5.0072592553589829e-04  -6.0679549560688738e-08
  -5.0072627457341788e-04  -6.0687075774824156e-08
  -5.0072662013011800e-04  -6.0717510368037825e-08
  -5.0072696331191651e-04  -6.0498134162468437e-08
  -5.0072730359834716e-04  -6.0689834553706579e-08
  -5.0072763864308315e-04  -6.0852337352142009e-08
  -5.0072796845165597e-04  -6.1159820063960181e-08
  -5.0072829228602284e-04  -6.1152899635645575e-08
  -5.0072861341659387e-04  -6.1221976886509377e-08
  -5.0072893121571802e-04  -6.1028180528208131e-08
  -5.0072924751535348e-04  -6.1125735062645715e-08
  -5.0072955873741983e-04  -6.1222231322196306e-08
  -5.0072986589966403e-04  -6.1598140732349767e-08
  -5.0073016682795771e-04  -6.1636869018119080e-08
  -5.0073046502574503e-04  -6.1688533845049610e-08
  -5.0073075974100872e-04  -6.1605128170538585e-08
  -5.0073105319296482e-04  -6.1519372993599011e-08
  -5.0073134257600828e-04  -6.1663687239699172e-08
  -5.0073162817772178e-04  -6.1978972391960215e-08
  -5.0073190833657460e-04  -6.2131185495843504e-08
  -5.0073218498857886e-04  -6.2143006607316004e-08
  -5.0073245871564722e-04  -6.2164275325005819e-08
  -5.0073273056687017e-04  -6.1951188218777563e-08
  -5.0073299978564483e-04  -6.2144232913698833e-08
  -5.0073326503891535e-04  -6.2322061314900278e-08
  -5.0073352609059563e-04  -6.2614654710484510e-08
  -5.0073378276508328e-04  -6.2606817746550802e-08
  -5.0073403714082033e-04  -6.2674658337985231e-08
  -5.0073428894416229e-04  -6.2471439161147259e-08
  -5.0073453923254411e-04  -6.2587570168193274e-08
  -5.0073478559734951e-04  -6.2685210399813715e-08
  -5.0073502870817699e-04  -6.3059342217570979e-08
  -5.0073526714321259e-04  -6.3088711703255564e-08
  -5.0073550340502631e-04  -6.3144491701931128e-08
  -5.0073573689994589e-04  -6.3046413293146863e-08
  -5.0073596921790817e-04  -6.2982744029492152e-08
  -5.0073619823243708e-04  -6.3118004470577582e-08
  -5.0073642431546980e-04  -6.3446956654971375e-08
  -5.0073664617905698e-04  -6.3582667828715467e-08
  -5.0073686542733721e-04  -6.3599085682987735e-08
  -5.0073708225375265e-04  -6.3610270524343780e-08
  -5.0073729757712225e-04  -6.3405654972953363e-08
  -5.0073751059491478e-04  -6.3597984719374924e-08
  -5.0073772059964008e-04  -6.3792078403750521e-08
  -5.0073792724903690e-04  -6.4068907139900114e-08
  -5.0073813067586198e-04  -6.4061014045844154e-08
  -5.0073833216353119e-04  -6.4126722112978207e-08
  -5.0073853166038426e-04  -6.3915532287042894e-08
  -5.0073872972051289e-04  -6.4048563313233442e-08
  -5.0073892475922344e-04  -6.4149306489512913e-08
  -5.0073911718510433e-04  -6.4519662107431243e-08
  -5.0073930610721904e-04  -6.4540743546542996e-08
  -5.0073949327767439e-04  -6.4600227120533912e-08
  -5.0073967826428853e-04  -6.4487484968548184e-08
  -5.0073986217421683e-04  -6.4446546514315695e-08
  -5.0074004343574107e-04  -6.4573094157556812e-08
  -5.0074022240567326e-04  -6.4914257300215106e-08
  -5.0074039811842772e-04  -6.5034043791921750e-08
  -5.0074057185241607e-04  -6.5055283119059074e-08
  -5.0074074360522813e-04  -6.5055513069124139e-08
  -5.0074091413872571e-04  -6.4861514724717101e-08
  -5.0074108270641222e-04  -6.5051223305809605e-08
  -5.0074124897259197e-04  -6.5262260973077309e-08
  -5.0074141257203065e-04  -6.5522628833704008e-08
  -5.0074157378416577e-04  -6.5515484364985117e-08
  -5.0074173337443623e-04  -6.5578129193437362e-08
  -5.0074189141804937e-04  -6.5360580958802317e-08
  -5.0074204815552122e-04  -6.5508640155324295e-08
  -5.0074220257023629e-04  -6.5614465196437224e-08
  -5.0074235488659904e-04  -6.5979117617651593e-08
  -5.0074250457701210e-04  -6.5992986891653428e-08
  -5.0074265284399326e-04  -6.6055690921772679e-08
  -5.0074279939517027e-04  -6.5928454589516891e-08
  -5.0074294497870139e-04  -6.5910601292117413e-08
  -5.0074308845920567e-04  -6.6029073220999143e-08
  -5.0074323013590296e-04  -6.6380813559352263e-08
  -5.0074336930685051e-04  -6.6485358508005209e-08
  -5.0074350695980194e-04  -6.6511566169588643e-08
  -5.0074364300806780e-04  -6.6500029870220599e-08
  -5.0074377805752336e-04  -6.6318724438506685e-08
  -5.0074391146425737e-04  -6.6504096608377763e-08
  -5.0074404310271922e-04  -6.6732483012133664e-08
  -5.0074417263137991e-04  -6.6975872364317436e-08
  -5.0074430037843286e-04  -6.6970221292801321e-08
  -5.0074442678055601e-04  -6.7028844689953626e-08
  -5.0074455197512513e-04  -6.6806697033888925e-08
  -5.0074467601791137e-04  -6.6967753100158865e-08
  -5.0074479827542213e-04  -6.7080615009755540e-08
  -5.0074491884954182e-04  -6.7437732723736772e-08
  -5.0074503745313698e-04  -6.7445460980464916e-08
  -5.0074515489492287e-04  -6.7510833346730824e-08
  -5.0074527099242048e-04  -6.7369441244277510e-08
  -5.0074538623448258e-04  -6.7374727474064748e-08
  -5.0074549981854411e-04  -6.7486039943180989e-08
  -5.0074561197505237e-04  -6.7846575363275999e-08
  -5.0074572220889645e-04  -6.7936654871581653e-08
  -5.0074583126360757e-04  -6.7967899409246239e-08
  -5.0074593902898719e-04  -6.7943858174531434e-08
  -5.0074604597053558e-04  -6.7777217915214287e-08
  -5.0074615156046984e-04  -6.7956763197718657e-08
  -5.0074625578363802e-04  -6.8202622017349800e-08
  -5.0074635834466302e-04  -6.8428690861658398e-08
  -5.0074645956516787e-04  -6.8425214212893513e-08
  -5.0074655967941842e-04  -6.8478838568066837e-08
  -5.0074665884559672e-04  -6.8253980662117374e-08
  -5.0074675701930428e-04  -6.8425882402138767e-08
  -5.0074685381945128e-04  -6.8547669356032806e-08
  -5.0074694927167856e-04  -6.8895537424151429e-08
  -5.0074704324183650e-04  -6.8898181869361114e-08
  -5.0074713626229697e-04  -6.8965604376174799e-08
  -5.0074722823093584e-04  -6.8810570274515856e-08
  -5.0074731945457874e-04  -6.8838746614683158e-08
  -5.0074740937790176e-04  -6.8944072189117134e-08
  -5.0074749816700500e-04  -6.9311503191082403e-08
  -5.0074758548346017e-04  -6.9387973305069101e-08
  -5.0074767187424196e-04  -6.9424244836528877e-08
  -5.0074775723569674e-04  -6.9387045828223776e-08
  -5.0074784191480085e-04  -6.9236906454417033e-08
  -5.0074792549522132e-04  -6.9409388204003108e-08
  -5.0074800801303454e-04  -6.9672560728249212e-08
  -5.0074808922631489e-04  -6.9881137574907132e-08
  -5.0074816942222784e-04  -6.9880449335402682e-08
  -5.0074824871497274e-04  -6.9928086426614480e-08
  -5.0074832725907712e-04  -6.9702517881326843e-08
  -5.0074840496333660e-04  -6.9883036502862116e-08
  -5.0074848160869940e-04  -7.0015528839950658e-08
  -5.0074855717738558e-04  -7.0352567002845805e-08
  -5.0074863162779192e-04  -7.0351162436278585e-08
  -5.0074870530234026e-04  -7.0419954277425693e-08
  -5.0074877815397048e-04  -7.0251971795443069e-08
  -5.0074885036545576e-04  -7.0302487045629039e-08
  -5.0074892156081970e-04  -7.0403226315311242e-08
  -5.0074899185271701e-04  -7.0775567888358218e-08
  -5.0074906101772992e-04  -7.0839351638449753e-08
  -5.0074912944985967e-04  -7.0880562059918301e-08
  -5.0074919706432567e-04  -7.0829651510487604e-08
  -5.0074926411258552e-04  -7.0697680133735563e-08
  -5.0074933027625186e-04  -7.0862139047128507e-08
  -5.0074939560932588e-04  -7.1142188530189457e-08
  -5.0074945992187607e-04  -7.1333265360329010e-08
  -5.0074952345561608e-04  -7.1335909674675492e-08
  -5.0074958625690618e-04  -7.1376570190103197e-08
  -5.0074964846376412e-04  -7.1152378276696966e-08
  -5.0074970997017758e-04  -7.1339251604273131e-08
  -5.0074977065806133e-04  -7.1484083607976576e-08
  -5.0074983048825920e-04  -7.1808861294275078e-08
  -5.0074988947128654e-04  -7.1804412325087233e-08
  -5.0074994782172951e-04  -7.1873834054411549e-08
  -5.0075000552775003e-04  -7.1693778844845665e-08
  -5.0075006269028309e-04  -7.1765788032846119e-08
  -5.0075011906056881e-04  -7.1863536556205851e-08
  -5.0075017471020084e-04  -7.2238750266026032e-08
  -5.0075022949767445e-04  -7.2290824948916498e-08
  -5.0075028370120608e-04  -7.2336808453030317e-08
  -5.0075033725763653e-04  -7.2271744699058116e-08
  -5.0075039034426082e-04  -7.2159409633437872e-08
  -5.0075044272398887e-04  -7.2315181289428661e-08
  -5.0075049445140679e-04  -7.2611402666283333e-08
  -5.0075054538264334e-04  -7.2785126285974423e-08
  -5.0075059571274519e-04  -7.2791575110413287e-08
  -5.0075064545232017e-04  -7.2824278886732263e-08
  -5.0075069471755410e-04  -7.2603612945808770e-08
  -5.0075074340546609e-04  -7.2794590452512561e-08
  -5.0075079145864016e-04  -7.2953215703467841e-08
  -5.0075083883048457e-04  -7.3264463895726488e-08
  -5.0075088555757161e-04  -7.3257937906884285e-08
  -5.0075093177035304e-04  -7.3327195988901091e-08
  -5.0075097747764256e-04  -7.3136125354651693e-08
  -5.0075102272840327e-04  -7.3228503709183573e-08
  -5.0075106736215927e-04  -7.3325015000546764e-08
  -5.0075111142084013e-04  -7.3701040642702546e-08
  -5.0075115481952148e-04  -7.3742425433262308e-08
  -5.0075119775088578e-04  -7.3792939371563650e-08
  -5.0075124017148374e-04  -7.3713405553338732e-08
  -5.0075128220284065e-04  -7.3621948642934448e-08
  -5.0075132367258907e-04  -7.3768674674757999e-08
  -5.0075136462801606e-04  -7.4080109269993033e-08
  -5.0075140496361767e-04  -7.4236771298611878e-08
  -5.0075144483170523e-04  -7.4247422467360949e-08
  -5.0075148422608405e-04  -7.4271209408961411e-08
  -5.0075152324035492e-04  -7.4056252733997220e-08
  -5.0075156178337233e-04  -7.4249140577390196e-08
  -5.0075159983249283e-04  -7.4422801617473992e-08
  -5.0075163734185238e-04  -7.4719421606027868e-08
  -5.0075167435803200e-04  -7.4711742370308330e-08
  -5.0075171095744430e-04  -7.4779994330923666e-08
  -5.0075174715946788e-04  -7.4579144053758470e-08
  -5.0075178298161392e-04  -7.4690506842540680e-08
  -5.0075181832332600e-04  -7.4787652140206190e-08
  -5.0075185320628006e-04  -7.5162438345748733e-08
  -5.0075188758336099e-04  -7.5194182408205509e-08
  -5.0075192158544448e-04  -7.5248908496558346e-08
  -5.0075195518505368e-04  -7.5154724603235072e-08
  -5.0075198846297815e-04  -7.5085136829215401e-08
  -5.0075202129669870e-04  -7.5222769430711642e-08
  -5.0075205372362693e-04  -7.5548224106616012e-08
  -5.0075208566877994e-04  -7.5688249882637990e-08
  -5.0075211724792082e-04  -7.5703425549676108e-08
  -5.0075214844867049e-04  -7.5717367161104790e-08
  -5.0075217934381002e-04  -7.5510306766775163e-08
  -5.0075220985733033e-04  -7.5703011698648008e-08
  -5.0075223998521901e-04  -7.5892714574885521e-08
  -5.0075226968658972e-04  -7.6173783677231308e-08
  -5.0075229900874813e-04  -7.6165825649223036e-08
  -5.0075232799434342e-04  -7.6232185861253333e-08
  -5.0075235666674966e-04  -7.6022964083329904e-08
  -5.0075238502568563e-04  -7.6151691878138111e-08
  -5.0075241301032194e-04  -7.6251417730714005e-08
  -5.0075244062930510e-04  -7.6622950994503780e-08
  -5.0075246785983739e-04  -7.6646122110679733e-08
