   0.0000000000000000e+00
   2.0000000000000000e+00
   4.0000000000000000e+00
   6.0000000000000000e+00
   8.0000000000000000e+00
   1.0000000000000000e+01
   1.2000000000000000e+01
   1.4000000000000000e+01
   1.6000000000000000e+01
   1.8000000000000000e+01
   2.0000000000000000e+01
   2.2000000000000000e+01
   2.4000000000000000e+01
   2.6000000000000000e+01
   2.8000000000000000e+01
   3.0000000000000000e+01
   3.2000000000000000e+01
   3.4000000000000000e+01
   3.6000000000000000e+01
   3.8000000000000000e+01
   4.0000000000000000e+01
   4.2000000000000000e+01
   4.4000000000000000e+01
   4.6000000000000000e+01
   4.8000000000000000e+01
   5.0000000000000000e+01
   5.2000000000000000e+01
   5.4000000000000000e+01
   5.6000000000000000e+01
   5.8000000000000000e+01
   6.0000000000000000e+01
   6.2000000000000000e+01
   6.4000000000000000e+01
   6.6000000000000000e+01
   6.8000000000000000e+01
   7.0000000000000000e+01
   7.2000000000000000e+01
   7.4000000000000000e+01
   7.6000000000000000e+01
   7.8000000000000000e+01
   8.0000000000000000e+01
   8.2000000000000000e+01
   8.4000000000000000e+01
   8.6000000000000000e+01
   8.8000000000000000e+01
   9.0000000000000000e+01
   9.2000000000000000e+01
   9.4000000000000000e+01
   9.6000000000000000e+01
   9.8000000000000000e+01
   1.0000000000000000e+02
   1.0200000000000000e+02
   1.0400000000000000e+02
   1.0600000000000000e+02
   1.0800000000000000e+02
   1.1000000000000000e+02
   1.1200000000000000e+02
   1.1400000000000000e+02
   1.1600000000000000e+02
   1.1800000000000000e+02
   1.2000000000000000e+02
   1.2200000000000000e+02
   1.2400000000000000e+02
   1.2600000000000000e+02
   1.2800000000000000e+02
   1.3000000000000000e+02
   1.3200000000000000e+02
   1.3400000000000000e+02
   1.3600000000000000e+02
   1.3800000000000000e+02
   1.4000000000000000e+02
   1.4200000000000000e+02
   1.4400000000000000e+02
   1.4600000000000000e+02
   1.4800000000000000e+02
   1.5000000000000000e+02
   1.5200000000000000e+02
   1.5400000000000000e+02
   1.5600000000000000e+02
   1.5800000000000000e+02
   1.6000000000000000e+02
   1.6200000000000000e+02
   1.6400000000000000e+02
   1.6600000000000000e+02
   1.6800000000000000e+02
   1.7000000000000000e+02
   1.7200000000000000e+02
   1.7400000000000000e+02
   1.7600000000000000e+02
   1.7800000000000000e+02
   1.8000000000000000e+02
   1.8200000000000000e+02
   1.8400000000000000e+02
   1.8600000000000000e+02
   1.8800000000000000e+02
   1.9000000000000000e+02
   1.9200000000000000e+02
   1.9400000000000000e+02
   1.9600000000000000e+02
   1.9800000000000000e+02
   2.0000000000000000e+02
   2.0200000000000000e+02
   2.0400000000000000e+02
   2.0600000000000000e+02
   2.0800000000000000e+02
   2.1000000000000000e+02
   2.1200000000000000e+02
   2.1400000000000000e+02
   2.1600000000000000e+02
   2.1800000000000000e+02
   2.2000000000000000e+02
   2.2200000000000000e+02
   2.2400000000000000e+02
   2.2600000000000000e+02
   2.2800000000000000e+02
   2.3000000000000000e+02
   2.3200000000000000e+02
   2.3400000000000000e+02
   2.3600000000000000e+02
   2.3800000000000000e+02
   2.4000000000000000e+02
   2.4200000000000000e+02
   2.4400000000000000e+02
   2.4600000000000000e+02
   2.4800000000000000e+02
   2.5000000000000000e+02
   2.5200000000000000e+02
   2.5400000000000000e+02
   2.5600000000000000e+02
   2.5800000000000000e+02
   2.6000000000000000e+02
   2.6200000000000000e+02
   2.6400000000000000e+02
   2.6600000000000000e+02
   2.6800000000000000e+02
   2.7000000000000000e+02
   2.7200000000000000e+02
   2.7400000000000000e+02
   2.7600000000000000e+02
   2.7800000000000000e+02
   2.8000000000000000e+02
   2.8200000000000000e+02
   2.8400000000000000e+02
   2.8600000000000000e+02
   2.8800000000000000e+02
   2.9000000000000000e+02
   2.9200000000000000e+02
   2.9400000000000000e+02
   2.9600000000000000e+02
   2.9800000000000000e+02
   3.0000000000000000e+02
   3.0200000000000000e+02
   3.0400000000000000e+02
   3.0600000000000000e+02
   3.0800000000000000e+02
   3.1000000000000000e+02
   3.1200000000000000e+02
   3.1400000000000000e+02
   3.1600000000000000e+02
   3.1800000000000000e+02
   3.2000000000000000e+02
   3.2200000000000000e+02
   3.2400000000000000e+02
   3.2600000000000000e+02
   3.2800000000000000e+02
   3.3000000000000000e+02
   3.3200000000000000e+02
   3.3400000000000000e+02
   3.3600000000000000e+02
   3.3800000000000000e+02
   3.4000000000000000e+02
   3.4200000000000000e+02
   3.4400000000000000e+02
   3.4600000000000000e+02
   3.4800000000000000e+02
   3.5000000000000000e+02
   3.5200000000000000e+02
   3.5400000000000000e+02
   3.5600000000000000e+02
   3.5800000000000000e+02
   3.6000000000000000e+02
   3.6200000000000000e+02
   3.6400000000000000e+02
   3.6600000000000000e+02
   3.6800000000000000e+02
   3.7000000000000000e+02
   3.7200000000000000e+02
   3.7400000000000000e+02
   3.7600000000000000e+02
   3.7800000000000000e+02
   3.8000000000000000e+02
   3.8200000000000000e+02
   3.8400000000000000e+02
   3.8600000000000000e+02
   3.8800000000000000e+02
   3.9000000000000000e+02
   3.9200000000000000e+02
   3.9400000000000000e+02
   3.9600000000000000e+02
   3.9800000000000000e+02
   4.0000000000000000e+02
   4.0200000000000000e+02
   4.0400000000000000e+02
   4.0600000000000000e+02
   4.0800000000000000e+02
   4.1000000000000000e+02
   4.1200000000000000e+02
   4.1400000000000000e+02
   4.1600000000000000e+02
   4.1800000000000000e+02
   4.2000000000000000e+02
   4.2200000000000000e+02
   4.2400000000000000e+02
   4.2600000000000000e+02
   4.2800000000000000e+02
   4.3000000000000000e+02
   4.3200000000000000e+02
   4.3400000000000000e+02
   4.3600000000000000e+02
   4.3800000000000000e+02
   4.4000000000000000e+02
   4.4200000000000000e+02
   4.4400000000000000e+02
   4.4600000000000000e+02
   4.4800000000000000e+02
   4.5000000000000000e+02
   4.5200000000000000e+02
   4.5400000000000000e+02
   4.5600000000000000e+02
   4.5800000000000000e+02
   4.6000000000000000e+02
   4.6200000000000000e+02
   4.6400000000000000e+02
   4.6600000000000000e+02
   4.6800000000000000e+02
   4.7000000000000000e+02
   4.7200000000000000e+02
   4.7400000000000000e+02
   4.7600000000000000e+02
   4.7800000000000000e+02
   4.8000000000000000e+02
   4.8200000000000000e+02
   4.8400000000000000e+02
   4.8600000000000000e+02
   4.8800000000000000e+02
   4.9000000000000000e+02
   4.9200000000000000e+02
   4.9400000000000000e+02
   4.9600000000000000e+02
   4.9800000000000000e+02
   5.0000000000000000e+02
   5.0200000000000000e+02
   5.0400000000000000e+02
   5.0600000000000000e+02
   5.0800000000000000e+02
   5.1000000000000000e+02
   5.1200000000000000e+02
   5.1400000000000000e+02
   5.1600000000000000e+02
   5.1800000000000000e+02
   5.2000000000000000e+02
   5.2200000000000000e+02
   5.2400000000000000e+02
   5.2600000000000000e+02
   5.2800000000000000e+02
   5.3000000000000000e+02
   5.3200000000000000e+02
   5.3400000000000000e+02
   5.3600000000000000e+02
   5.3800000000000000e+02
   5.4000000000000000e+02
   5.4200000000000000e+02
   5.4400000000000000e+02
   5.4600000000000000e+02
   5.4800000000000000e+02
   5.5000000000000000e+02
   5.5200000000000000e+02
   5.5400000000000000e+02
   5.5600000000000000e+02
   5.5800000000000000e+02
   5.6000000000000000e+02
   5.6200000000000000e+02
   5.6400000000000000e+02
   5.6600000000000000e+02
   5.6800000000000000e+02
   5.7000000000000000e+02
   5.7200000000000000e+02
   5.7400000000000000e+02
   5.7600000000000000e+02
   5.7800000000000000e+02
   5.8000000000000000e+02
   5.8200000000000000e+02
   5.8400000000000000e+02
   5.8600000000000000e+02
   5.8800000000000000e+02
   5.9000000000000000e+02
   5.9200000000000000e+02
   5.9400000000000000e+02
   5.9600000000000000e+02
   5.9800000000000000e+02
   6.0000000000000000e+02
   6.0200000000000000e+02
   6.0400000000000000e+02
   6.0600000000000000e+02
   6.0800000000000000e+02
   6.1000000000000000e+02
   6.1200000000000000e+02
   6.1400000000000000e+02
   6.1600000000000000e+02
   6.1800000000000000e+02
   6.2000000000000000e+02
   6.2200000000000000e+02
   6.2400000000000000e+02
   6.2600000000000000e+02
   6.2800000000000000e+02
   6.3000000000000000e+02
   6.3200000000000000e+02
   6.3400000000000000e+02
   6.3600000000000000e+02
   6.3800000000000000e+02
   6.4000000000000000e+02
   6.4200000000000000e+02
   6.4400000000000000e+02
   6.4600000000000000e+02
   6.4800000000000000e+02
   6.5000000000000000e+02
   6.5200000000000000e+02
   6.5400000000000000e+02
   6.5600000000000000e+02
   6.5800000000000000e+02
   6.6000000000000000e+02
   6.6200000000000000e+02
   6.6400000000000000e+02
   6.6600000000000000e+02
   6.6800000000000000e+02
   6.7000000000000000e+02
   6.7200000000000000e+02
   6.7400000000000000e+02
   6.7600000000000000e+02
   6.7800000000000000e+02
   6.8000000000000000e+02
   6.8200000000000000e+02
   6.8400000000000000e+02
   6.8600000000000000e+02
   6.8800000000000000e+02
   6.9000000000000000e+02
   6.9200000000000000e+02
   6.9400000000000000e+02
   6.9600000000000000e+02
   6.9800000000000000e+02
   7.0000000000000000e+02
   7.0200000000000000e+02
   7.0400000000000000e+02
   7.0600000000000000e+02
   7.0800000000000000e+02
   7.1000000000000000e+02
   7.1200000000000000e+02
   7.1400000000000000e+02
   7.1600000000000000e+02
   7.1800000000000000e+02
   7.2000000000000000e+02
   7.2200000000000000e+02
   7.2400000000000000e+02
   7.2600000000000000e+02
   7.2800000000000000e+02
   7.3000000000000000e+02
   7.3200000000000000e+02
   7.3400000000000000e+02
   7.3600000000000000e+02
   7.3800000000000000e+02
   7.4000000000000000e+02
   7.4200000000000000e+02
   7.4400000000000000e+02
   7.4600000000000000e+02
   7.4800000000000000e+02
   7.5000000000000000e+02
   7.5200000000000000e+02
   7.5400000000000000e+02
   7.5600000000000000e+02
   7.5800000000000000e+02
   7.6000000000000000e+02
   7.6200000000000000e+02
   7.6400000000000000e+02
   7.6600000000000000e+02
   7.6800000000000000e+02
   7.7000000000000000e+02
   7.7200000000000000e+02
   7.7400000000000000e+02
   7.7600000000000000e+02
   7.7800000000000000e+02
   7.8000000000000000e+02
   7.8200000000000000e+02
   7.8400000000000000e+02
   7.8600000000000000e+02
   7.8800000000000000e+02
   7.9000000000000000e+02
   7.9200000000000000e+02
   7.9400000000000000e+02
   7.9600000000000000e+02
   7.9800000000000000e+02
   8.0000000000000000e+02
   8.0200000000000000e+02
   8.0400000000000000e+02
   8.0600000000000000e+02
   8.0800000000000000e+02
   8.1000000000000000e+02
   8.1200000000000000e+02
   8.1400000000000000e+02
   8.1600000000000000e+02
   8.1800000000000000e+02
   8.2000000000000000e+02
   8.2200000000000000e+02
   8.2400000000000000e+02
   8.2600000000000000e+02
   8.2800000000000000e+02
   8.3000000000000000e+02
   8.3200000000000000e+02
   8.3400000000000000e+02
   8.3600000000000000e+02
   8.3800000000000000e+02
   8.4000000000000000e+02
   8.4200000000000000e+02
   8.4400000000000000e+02
   8.4600000000000000e+02
   8.4800000000000000e+02
   8.5000000000000000e+02
   8.5200000000000000e+02
   8.5400000000000000e+02
   8.5600000000000000e+02
   8.5800000000000000e+02
   8.6000000000000000e+02
   8.6200000000000000e+02
   8.6400000000000000e+02
   8.6600000000000000e+02
   8.6800000000000000e+02
   8.7000000000000000e+02
   8.7200000000000000e+02
   8.7400000000000000e+02
   8.7600000000000000e+02
   8.7800000000000000e+02
   8.8000000000000000e+02
   8.8200000000000000e+02
   8.8400000000000000e+02
   8.8600000000000000e+02
   8.8800000000000000e+02
   8.9000000000000000e+02
   8.9200000000000000e+02
   8.9400000000000000e+02
   8.9600000000000000e+02
   8.9800000000000000e+02
   9.0000000000000000e+02
   9.0200000000000000e+02
   9.0400000000000000e+02
   9.0600000000000000e+02
   9.0800000000000000e+02
   9.1000000000000000e+02
   9.1200000000000000e+02
   9.1400000000000000e+02
   9.1600000000000000e+02
   9.1800000000000000e+02
   9.2000000000000000e+02
   9.2200000000000000e+02
   9.2400000000000000e+02
   9.2600000000000000e+02
   9.2800000000000000e+02
   9.3000000000000000e+02
   9.3200000000000000e+02
   9.3400000000000000e+02
   9.3600000000000000e+02
   9.3800000000000000e+02
   9.4000000000000000e+02
   9.4200000000000000e+02
   9.4400000000000000e+02
   9.4600000000000000e+02
   9.4800000000000000e+02
   9.5000000000000000e+02
   9.5200000000000000e+02
   9.5400000000000000e+02
   9.5600000000000000e+02
   9.5800000000000000e+02
   9.6000000000000000e+02
   9.6200000000000000e+02
   9.6400000000000000e+02
   9.6600000000000000e+02
   9.6800000000000000e+02
   9.7000000000000000e+02
   9.7200000000000000e+02
   9.7400000000000000e+02
   9.7600000000000000e+02
   9.7800000000000000e+02
   9.8000000000000000e+02
   9.8200000000000000e+02
   9.8400000000000000e+02
   9.8600000000000000e+02
   9.8800000000000000e+02
   9.9000000000000000e+02
   9.9200000000000000e+02
   9.9400000000000000e+02
   9.9600000000000000e+02
   9.9800000000000000e+02
   1.0000000000000000e+03
   1.0020000000000000e+03
   1.0040000000000000e+03
   1.0060000000000000e+03
   1.0080000000000000e+03
   1.0100000000000000e+03
   1.0120000000000000e+03
   1.0140000000000000e+03
   1.0160000000000000e+03
   1.0180000000000000e+03
   1.0200000000000000e+03
   1.0220000000000000e+03
   1.0240000000000000e+03
   1.0260000000000000e+03
   1.0280000000000000e+03
   1.0300000000000000e+03
   1.0320000000000000e+03
   1.0340000000000000e+03
   1.0360000000000000e+03
   1.0380000000000000e+03
   1.0400000000000000e+03
   1.0420000000000000e+03
   1.0440000000000000e+03
   1.0460000000000000e+03
   1.0480000000000000e+03
   1.0500000000000000e+03
   1.0520000000000000e+03
   1.0540000000000000e+03
   1.0560000000000000e+03
   1.0580000000000000e+03
   1.0600000000000000e+03
   1.0620000000000000e+03
   1.0640000000000000e+03
   1.0660000000000000e+03
   1.0680000000000000e+03
   1.0700000000000000e+03
   1.0720000000000000e+03
   1.0740000000000000e+03
   1.0760000000000000e+03
   1.0780000000000000e+03
   1.0800000000000000e+03
   1.0820000000000000e+03
   1.0840000000000000e+03
   1.0860000000000000e+03
   1.0880000000000000e+03
   1.0900000000000000e+03
   1.0920000000000000e+03
   1.0940000000000000e+03
   1.0960000000000000e+03
   1.0980000000000000e+03
   1.1000000000000000e+03
   1.1020000000000000e+03
   1.1040000000000000e+03
   1.1060000000000000e+03
   1.1080000000000000e+03
   1.1100000000000000e+03
   1.1120000000000000e+03
   1.1140000000000000e+03
   1.1160000000000000e+03
   1.1180000000000000e+03
   1.1200000000000000e+03
   1.1220000000000000e+03
   1.1240000000000000e+03
   1.1260000000000000e+03
   1.1280000000000000e+03
   1.1300000000000000e+03
   1.1320000000000000e+03
   1.1340000000000000e+03
   1.1360000000000000e+03
   1.1380000000000000e+03
   1.1400000000000000e+03
   1.1420000000000000e+03
   1.1440000000000000e+03
   1.1460000000000000e+03
   1.1480000000000000e+03
   1.1500000000000000e+03
   1.1520000000000000e+03
   1.1540000000000000e+03
   1.1560000000000000e+03
   1.1580000000000000e+03
   1.1600000000000000e+03
   1.1620000000000000e+03
   1.1640000000000000e+03
   1.1660000000000000e+03
   1.1680000000000000e+03
   1.1700000000000000e+03
   1.1720000000000000e+03
   1.1740000000000000e+03
   1.1760000000000000e+03
   1.1780000000000000e+03
   1.1800000000000000e+03
   1.1820000000000000e+03
   1.1840000000000000e+03
   1.1860000000000000e+03
   1.1880000000000000e+03
   1.1900000000000000e+03
   1.1920000000000000e+03
   1.1940000000000000e+03
   1.1960000000000000e+03
   1.1980000000000000e+03
   1.2000000000000000e+03
   1.2020000000000000e+03
   1.2040000000000000e+03
   1.2060000000000000e+03
   1.2080000000000000e+03
   1.2100000000000000e+03
   1.2120000000000000e+03
   1.2140000000000000e+03
   1.2160000000000000e+03
   1.2180000000000000e+03
   1.2200000000000000e+03
   1.2220000000000000e+03
   1.2240000000000000e+03
   1.2260000000000000e+03
   1.2280000000000000e+03
   1.2300000000000000e+03
   1.2320000000000000e+03
   1.2340000000000000e+03
   1.2360000000000000e+03
   1.2380000000000000e+03
   1.2400000000000000e+03
   1.2420000000000000e+03
   1.2440000000000000e+03
   1.2460000000000000e+03
   1.2480000000000000e+03
   1.2500000000000000e+03
   1.2520000000000000e+03
   1.2540000000000000e+03
   1.2560000000000000e+03
   1.2580000000000000e+03
   1.2600000000000000e+03
   1.2620000000000000e+03
   1.2640000000000000e+03
   1.2660000000000000e+03
   1.2680000000000000e+03
   1.2700000000000000e+03
   1.2720000000000000e+03
   1.2740000000000000e+03
   1.2760000000000000e+03
   1.2780000000000000e+03
   1.2800000000000000e+03
   1.2820000000000000e+03
   1.2840000000000000e+03
   1.2860000000000000e+03
   1.2880000000000000e+03
   1.2900000000000000e+03
   1.2920000000000000e+03
   1.2940000000000000e+03
   1.2960000000000000e+03
   1.2980000000000000e+03
   1.3000000000000000e+03
   1.3020000000000000e+03
   1.3040000000000000e+03
   1.3060000000000000e+03
   1.3080000000000000e+03
   1.3100000000000000e+03
   1.3120000000000000e+03
   1.3140000000000000e+03
   1.3160000000000000e+03
   1.3180000000000000e+03
   1.3200000000000000e+03
   1.3220000000000000e+03
   1.3240000000000000e+03
   1.3260000000000000e+03
   1.3280000000000000e+03
   1.3300000000000000e+03
   1.3320000000000000e+03
   1.3340000000000000e+03
   1.3360000000000000e+03
   1.3380000000000000e+03
   1.3400000000000000e+03
   1.3420000000000000e+03
   1.3440000000000000e+03
   1.3460000000000000e+03
   1.3480000000000000e+03
   1.3500000000000000e+03
   1.3520000000000000e+03
   1.3540000000000000e+03
   1.3560000000000000e+03
   1.3580000000000000e+03
   1.3600000000000000e+03
   1.3620000000000000e+03
   1.3640000000000000e+03
   1.3660000000000000e+03
   1.3680000000000000e+03
   1.3700000000000000e+03
   1.3720000000000000e+03
   1.3740000000000000e+03
   1.3760000000000000e+03
   1.3780000000000000e+03
   1.3800000000000000e+03
   1.3820000000000000e+03
   1.3840000000000000e+03
   1.3860000000000000e+03
   1.3880000000000000e+03
   1.3900000000000000e+03
   1.3920000000000000e+03
   1.3940000000000000e+03
   1.3960000000000000e+03
   1.3980000000000000e+03
   1.4000000000000000e+03
   1.4020000000000000e+03
   1.4040000000000000e+03
   1.4060000000000000e+03
   1.4080000000000000e+03
   1.4100000000000000e+03
   1.4120000000000000e+03
   1.4140000000000000e+03
   1.4160000000000000e+03
   1.4180000000000000e+03
   1.4200000000000000e+03
   1.4220000000000000e+03
   1.4240000000000000e+03
   1.4260000000000000e+03
   1.4280000000000000e+03
   1.4300000000000000e+03
   1.4320000000000000e+03
   1.4340000000000000e+03
   1.4360000000000000e+03
   1.4380000000000000e+03
   1.4400000000000000e+03
   1.4420000000000000e+03
   1.4440000000000000e+03
   1.4460000000000000e+03
   1.4480000000000000e+03
   1.4500000000000000e+03
   1.4520000000000000e+03
   1.4540000000000000e+03
   1.4560000000000000e+03
   1.4580000000000000e+03
   1.4600000000000000e+03
   1.4620000000000000e+03
   1.4640000000000000e+03
   1.4660000000000000e+03
   1.4680000000000000e+03
   1.4700000000000000e+03
   1.4720000000000000e+03
   1.4740000000000000e+03
   1.4760000000000000e+03
   1.4780000000000000e+03
   1.4800000000000000e+03
   1.4820000000000000e+03
   1.4840000000000000e+03
   1.4860000000000000e+03
   1.4880000000000000e+03
   1.4900000000000000e+03
   1.4920000000000000e+03
   1.4940000000000000e+03
   1.4960000000000000e+03
   1.4980000000000000e+03
   1.5000000000000000e+03
   1.5020000000000000e+03
   1.5040000000000000e+03
   1.5060000000000000e+03
   1.5080000000000000e+03
   1.5100000000000000e+03
   1.5120000000000000e+03
   1.5140000000000000e+03
   1.5160000000000000e+03
   1.5180000000000000e+03
   1.5200000000000000e+03
   1.5220000000000000e+03
   1.5240000000000000e+03
   1.5260000000000000e+03
   1.5280000000000000e+03
   1.5300000000000000e+03
   1.5320000000000000e+03
   1.5340000000000000e+03
   1.5360000000000000e+03
   1.5380000000000000e+03
   1.5400000000000000e+03
   1.5420000000000000e+03
   1.5440000000000000e+03
   1.5460000000000000e+03
   1.5480000000000000e+03
   1.5500000000000000e+03
   1.5520000000000000e+03
   1.5540000000000000e+03
   1.5560000000000000e+03
   1.5580000000000000e+03
   1.5600000000000000e+03
   1.5620000000000000e+03
   1.5640000000000000e+03
   1.5660000000000000e+03
   1.5680000000000000e+03
   1.5700000000000000e+03
   1.5720000000000000e+03
   1.5740000000000000e+03
   1.5760000000000000e+03
   1.5780000000000000e+03
   1.5800000000000000e+03
   1.5820000000000000e+03
   1.5840000000000000e+03
   1.5860000000000000e+03
   1.5880000000000000e+03
   1.5900000000000000e+03
   1.5920000000000000e+03
   1.5940000000000000e+03
   1.5960000000000000e+03
   1.5980000000000000e+03
   1.6000000000000000e+03
   1.6020000000000000e+03
   1.6040000000000000e+03
   1.6060000000000000e+03
   1.6080000000000000e+03
   1.6100000000000000e+03
   1.6120000000000000e+03
   1.6140000000000000e+03
   1.6160000000000000e+03
   1.6180000000000000e+03
   1.6200000000000000e+03
   1.6220000000000000e+03
   1.6240000000000000e+03
   1.6260000000000000e+03
   1.6280000000000000e+03
   1.6300000000000000e+03
   1.6320000000000000e+03
   1.6340000000000000e+03
   1.6360000000000000e+03
   1.6380000000000000e+03
   1.6400000000000000e+03
   1.6420000000000000e+03
   1.6440000000000000e+03
   1.6460000000000000e+03
   1.6480000000000000e+03
   1.6500000000000000e+03
   1.6520000000000000e+03
   1.6540000000000000e+03
   1.6560000000000000e+03
   1.6580000000000000e+03
   1.6600000000000000e+03
   1.6620000000000000e+03
   1.6640000000000000e+03
   1.6660000000000000e+03
   1.6680000000000000e+03
   1.6700000000000000e+03
   1.6720000000000000e+03
   1.6740000000000000e+03
   1.6760000000000000e+03
   1.6780000000000000e+03
   1.6800000000000000e+03
   1.6820000000000000e+03
   1.6840000000000000e+03
   1.6860000000000000e+03
   1.6880000000000000e+03
   1.6900000000000000e+03
   1.6920000000000000e+03
   1.6940000000000000e+03
   1.6960000000000000e+03
   1.6980000000000000e+03
   1.7000000000000000e+03
   1.7020000000000000e+03
   1.7040000000000000e+03
   1.7060000000000000e+03
   1.7080000000000000e+03
   1.7100000000000000e+03
   1.7120000000000000e+03
   1.7140000000000000e+03
   1.7160000000000000e+03
   1.7180000000000000e+03
   1.7200000000000000e+03
   1.7220000000000000e+03
   1.7240000000000000e+03
   1.7260000000000000e+03
   1.7280000000000000e+03
   1.7300000000000000e+03
   1.7320000000000000e+03
   1.7340000000000000e+03
   1.7360000000000000e+03
   1.7380000000000000e+03
   1.7400000000000000e+03
   1.7420000000000000e+03
   1.7440000000000000e+03
   1.7460000000000000e+03
   1.7480000000000000e+03
   1.7500000000000000e+03
   1.7520000000000000e+03
   1.7540000000000000e+03
   1.7560000000000000e+03
   1.7580000000000000e+03
   1.7600000000000000e+03
   1.7620000000000000e+03
   1.7640000000000000e+03
   1.7660000000000000e+03
   1.7680000000000000e+03
   1.7700000000000000e+03
   1.7720000000000000e+03
   1.7740000000000000e+03
   1.7760000000000000e+03
   1.7780000000000000e+03
   1.7800000000000000e+03
   1.7820000000000000e+03
   1.7840000000000000e+03
   1.7860000000000000e+03
   1.7880000000000000e+03
   1.7900000000000000e+03
   1.7920000000000000e+03
   1.7940000000000000e+03
   1.7960000000000000e+03
   1.7980000000000000e+03
   1.8000000000000000e+03
   1.8020000000000000e+03
   1.8040000000000000e+03
   1.8060000000000000e+03
   1.8080000000000000e+03
   1.8100000000000000e+03
   1.8120000000000000e+03
   1.8140000000000000e+03
   1.8160000000000000e+03
   1.8180000000000000e+03
   1.8200000000000000e+03
   1.8220000000000000e+03
   1.8240000000000000e+03
   1.8260000000000000e+03
   1.8280000000000000e+03
   1.8300000000000000e+03
   1.8320000000000000e+03
   1.8340000000000000e+03
   1.8360000000000000e+03
   1.8380000000000000e+03
   1.8400000000000000e+03
   1.8420000000000000e+03
   1.8440000000000000e+03
   1.8460000000000000e+03
   1.8480000000000000e+03
   1.8500000000000000e+03
   1.8520000000000000e+03
   1.8540000000000000e+03
   1.8560000000000000e+03
   1.8580000000000000e+03
   1.8600000000000000e+03
   1.8620000000000000e+03
   1.8640000000000000e+03
   1.8660000000000000e+03
   1.8680000000000000e+03
   1.8700000000000000e+03
   1.8720000000000000e+03
   1.8740000000000000e+03
   1.8760000000000000e+03
   1.8780000000000000e+03
   1.8800000000000000e+03
   1.8820000000000000e+03
   1.8840000000000000e+03
   1.8860000000000000e+03
   1.8880000000000000e+03
   1.8900000000000000e+03
   1.8920000000000000e+03
   1.8940000000000000e+03
   1.8960000000000000e+03
   1.8980000000000000e+03
   1.9000000000000000e+03
   1.9020000000000000e+03
   1.9040000000000000e+03
   1.9060000000000000e+03
   1.9080000000000000e+03
   1.9100000000000000e+03
   1.9120000000000000e+03
   1.9140000000000000e+03
   1.9160000000000000e+03
   1.9180000000000000e+03
   1.9200000000000000e+03
   1.9220000000000000e+03
   1.9240000000000000e+03
   1.9260000000000000e+03
   1.9280000000000000e+03
   1.9300000000000000e+03
   1.9320000000000000e+03
   1.9340000000000000e+03
   1.9360000000000000e+03
   1.9380000000000000e+03
   1.9400000000000000e+03
   1.9420000000000000e+03
   1.9440000000000000e+03
   1.9460000000000000e+03
   1.9480000000000000e+03
   1.9500000000000000e+03
   1.9520000000000000e+03
   1.9540000000000000e+03
   1.9560000000000000e+03
   1.9580000000000000e+03
   1.9600000000000000e+03
   1.9620000000000000e+03
   1.9640000000000000e+03
   1.9660000000000000e+03
   1.9680000000000000e+03
   1.9700000000000000e+03
   1.9720000000000000e+03
   1.9740000000000000e+03
   1.9760000000000000e+03
   1.9780000000000000e+03
   1.9800000000000000e+03
   1.9820000000000000e+03
   1.9840000000000000e+03
   1.9860000000000000e+03
   1.9880000000000000e+03
   1.9900000000000000e+03
   1.9920000000000000e+03
   1.9940000000000000e+03
   1.9960000000000000e+03
   1.9980000000000000e+03
   2.0000000000000000e+03
